# Definition of the community standard for skyglow observations 1.0
# URL: http://www.darksky.org/NSBM/sdf1.0.pdf
# Number of header lines: 35
# This data is released under the following license: ODbL 1.0 http://opendatacommons.org/licenses/odbl/summary/
# Device type: TESS-WDL
# Instrument ID: stars1414
# Data supplier: None / None
# Location name: Vatican Advanced Technology Telescope / Safford / Arizona / Arizona / United States 
# Position: 32.7013, -109.892, None
# Local timezone: America/Phoenix
# Time Synchronization: timestamp added by MQTT subscriber
# Moving / Stationary position: STATIONARY
# Moving / Fixed look direction: FIXED
# Number of channels: 1
# Filters per channel: None
# Measurement direction per channel: (0.0, 0.0)
# Field of view: 17.0
# Number of fields per line: 8
# TESS MAC address: D0:EF:76:11:23:98
# TESS firmware version: Oct 17 2024 v4.32
# TESS cover offset value: 0.0
# TESS zero point: 20.34
# Comment:  
# Comment:
# Comment:
# Comment:
# Comment:
# Comment: Current Zero Point in the header corresponds to the UV/IR-cut channel
# Comment: MSAS = ZP - 2.5*log10(Frequency)
# blank line 30
# blank line 31
# blank line 32
# UTC Date & Time, Local Date & Time, Enclosure Temperature, Sky Temperature, Freq1, MSAS1, ZP1, Freq2, MSAS2, ZP2, Freq3,  MSAS3, ZP3, Freq4, MSAS4, ZP4, Sequence Number
# YYYY-MM-DDTHH:mm:ss.fff;YYYY-MM-DDTHH:mm:ss.fff;Celsius;Celsius;Hz;mag/arcsec^2;mag/arcsec^2;Hz;mag/arcsec^2;mag/arcsec^2;Hz;mag/arcsec^2;mag/arcsec^2;Hz;mag/arcsec^2;mag/arcsec^2; Multiple of Tx period
# END OF HEADER
2026-05-01T02:21:03.000;2026-04-30T19:21:03.000;14.89;9.63;6639.04;10.78;20.34;1
2026-05-01T02:36:42.000;2026-04-30T19:36:42.000;15.39;9.89;55.73;15.97;20.34;2
2026-05-01T02:47:01.000;2026-04-30T19:47:01.000;14.48;11.38;4.24;18.77;20.34;3
2026-05-01T02:57:14.000;2026-04-30T19:57:14.000;11.7;10.85;2.24;19.46;20.34;4
2026-05-01T03:17:49.000;2026-04-30T20:17:49.000;12.17;9.17;90.9;15.44;20.34;5
2026-05-01T03:28:10.000;2026-04-30T20:28:10.000;11.6;9.84;1.27;20.08;20.34;6
2026-05-01T03:38:22.000;2026-04-30T20:38:22.000;10.9;8.26;11.01;17.74;20.34;7
2026-05-01T03:58:55.000;2026-04-30T20:58:55.000;12.25;10.54;2.25;19.46;20.34;8
2026-05-01T04:40:22.000;2026-04-30T21:40:22.000;13.2;11.56;16.75;17.28;20.34;10
2026-05-01T05:01:07.000;2026-04-30T22:01:07.000;12.55;10.89;17.06;17.26;20.34;11
2026-05-01T06:18:39.000;2026-04-30T23:18:39.000;12.34;2.63;18.06;17.2;20.34;16
2026-05-01T07:00:10.000;2026-05-01T00:00:10.000;11.8;-8.77;19.75;17.1;20.34;18
2026-05-01T07:10:38.000;2026-05-01T00:10:38.000;10.59;-9.46;12.78;17.57;20.34;19
2026-05-01T08:06:40.000;2026-05-01T01:06:40.000;13.53;-14.19;9.5;17.9;20.34;21
2026-05-01T08:17:09.000;2026-05-01T01:17:09.000;12.37;-5.72;12.08;17.63;20.34;22
2026-05-01T08:27:30.000;2026-05-01T01:27:30.000;12.0;0.87;28.0;16.72;20.34;23
2026-05-01T08:37:43.000;2026-05-01T01:37:43.000;12.17;3.07;26.09;16.8;20.34;24
2026-05-01T09:03:35.000;2026-05-01T02:03:35.000;12.46;-7.84;9.5;17.9;20.34;26
2026-05-01T09:13:55.000;2026-05-01T02:13:55.000;12.7;0.0;20.2;17.08;20.34;27
2026-05-01T09:24:10.000;2026-05-01T02:24:10.000;12.51;3.25;20.73;17.05;20.34;28
2026-05-01T09:34:24.000;2026-05-01T02:34:24.000;12.44;1.85;19.15;17.13;20.34;29
2026-05-01T09:49:57.000;2026-05-01T02:49:57.000;13.15;-1.4;18.48;17.17;20.34;30
2026-05-01T10:00:17.000;2026-05-01T03:00:17.000;12.8;-2.85;16.12;17.32;20.34;31
2026-05-01T10:10:31.000;2026-05-01T03:10:31.000;12.03;-10.98;4.58;18.69;20.34;32
2026-05-01T10:20:44.000;2026-05-01T03:20:44.000;11.09;-13.48;3.86;18.87;20.34;33
2026-05-01T10:30:59.000;2026-05-01T03:30:59.000;9.98;-13.91;3.71;18.92;20.34;34
2026-05-01T10:41:14.000;2026-05-01T03:41:14.000;9.16;-14.19;3.59;18.95;20.34;35
2026-05-01T10:51:29.000;2026-05-01T03:51:29.000;9.66;-13.81;3.03;19.13;20.34;36
2026-05-01T11:01:43.000;2026-05-01T04:01:43.000;9.52;-13.88;2.6;19.3;20.34;37
2026-05-01T11:11:57.000;2026-05-01T04:11:57.000;9.08;-13.91;2.42;19.38;20.34;38
2026-05-01T11:22:10.000;2026-05-01T04:22:10.000;8.3;-13.86;2.31;19.43;20.34;39
2026-05-01T11:32:24.000;2026-05-01T04:32:24.000;7.84;-13.96;2.1;19.54;20.34;40
2026-05-01T11:42:41.000;2026-05-01T04:42:41.000;7.75;-13.67;2.93;19.17;20.34;41
2026-05-01T11:52:55.000;2026-05-01T04:52:55.000;7.33;-14.26;9.5;17.9;20.34;42
2026-05-01T12:08:28.000;2026-05-01T05:08:28.000;7.9;-14.51;133.21;15.03;20.34;43
2026-05-01T12:18:49.000;2026-05-01T05:18:49.000;7.9;-14.62;2689.45;11.77;20.34;44
2026-05-02T02:24:07.000;2026-05-01T19:24:07.000;17.62;-1.93;5413.55;11.01;20.34;1
2026-05-02T02:34:23.000;2026-05-01T19:34:23.000;20.07;-4.17;347.52;13.99;20.34;2
2026-05-02T02:44:39.000;2026-05-01T19:44:39.000;19.63;-7.43;32.47;16.56;20.34;3
2026-05-02T02:54:55.000;2026-05-01T19:54:55.000;20.1;-7.91;6.43;18.32;20.34;4
2026-05-02T03:05:09.000;2026-05-01T20:05:09.000;19.99;-8.78;2.53;19.33;20.34;5
2026-05-02T03:15:25.000;2026-05-01T20:15:25.000;19.64;-9.36;2.18;19.49;20.34;6
2026-05-02T03:25:40.000;2026-05-01T20:25:40.000;19.36;-9.83;2.31;19.43;20.34;7
2026-05-02T03:35:58.000;2026-05-01T20:35:58.000;18.82;-10.05;2.54;19.33;20.34;8
2026-05-02T03:46:17.000;2026-05-01T20:46:17.000;18.27;-10.04;2.78;19.23;20.34;9
2026-05-02T03:56:34.000;2026-05-01T20:56:34.000;17.57;-10.06;3.42;19.0;20.34;10
2026-05-02T04:06:48.000;2026-05-01T21:06:48.000;17.47;-9.84;4.21;18.78;20.34;11
2026-05-02T04:17:03.000;2026-05-01T21:17:03.000;17.27;-9.83;4.51;18.7;20.34;12
2026-05-02T04:27:21.000;2026-05-01T21:27:21.000;16.85;-9.89;4.76;18.65;20.34;13
2026-05-02T04:37:36.000;2026-05-01T21:37:36.000;16.91;-10.16;4.92;18.61;20.34;14
2026-05-02T04:47:51.000;2026-05-01T21:47:51.000;16.59;-10.38;5.19;18.55;20.34;15
2026-05-02T04:58:08.000;2026-05-01T21:58:08.000;16.44;-10.4;5.48;18.49;20.34;16
2026-05-02T05:08:23.000;2026-05-01T22:08:23.000;15.43;-10.69;5.74;18.44;20.34;17
2026-05-02T05:18:37.000;2026-05-01T22:18:37.000;14.43;-10.1;6.05;18.39;20.34;18
2026-05-02T05:28:52.000;2026-05-01T22:28:52.000;16.11;-9.51;6.2;18.36;20.34;19
2026-05-02T05:39:10.000;2026-05-01T22:39:10.000;17.12;-10.17;6.44;18.32;20.34;20
2026-05-02T05:49:25.000;2026-05-01T22:49:25.000;16.72;-10.61;6.68;18.28;20.34;21
2026-05-02T05:59:40.000;2026-05-01T22:59:40.000;15.64;-11.01;6.84;18.25;20.34;22
2026-05-02T06:09:54.000;2026-05-01T23:09:54.000;14.57;-11.06;6.99;18.23;20.34;23
2026-05-02T06:20:09.000;2026-05-01T23:20:09.000;13.79;-10.83;7.03;18.22;20.34;24
2026-05-02T06:30:23.000;2026-05-01T23:30:23.000;13.69;-10.7;7.17;18.2;20.34;25
2026-05-02T06:40:38.000;2026-05-01T23:40:38.000;13.45;-11.24;7.36;18.17;20.34;26
2026-05-02T06:50:52.000;2026-05-01T23:50:52.000;13.46;-11.02;7.35;18.17;20.34;27
2026-05-02T07:01:06.000;2026-05-02T00:01:06.000;13.38;-10.83;7.42;18.16;20.34;28
2026-05-02T07:11:20.000;2026-05-02T00:11:20.000;12.92;-11.22;7.54;18.15;20.34;29
2026-05-02T07:21:34.000;2026-05-02T00:21:34.000;12.91;-11.77;7.44;18.16;20.34;30
2026-05-02T07:31:49.000;2026-05-02T00:31:49.000;12.39;-11.8;7.49;18.15;20.34;31
2026-05-02T07:42:02.000;2026-05-02T00:42:02.000;12.04;-11.95;7.37;18.17;20.34;32
2026-05-02T07:52:16.000;2026-05-02T00:52:16.000;12.37;-11.65;7.42;18.16;20.34;33
2026-05-02T08:02:32.000;2026-05-02T01:02:32.000;12.72;-12.03;7.25;18.19;20.34;34
2026-05-02T08:12:46.000;2026-05-02T01:12:46.000;12.74;-12.02;7.12;18.21;20.34;35
2026-05-02T08:22:59.000;2026-05-02T01:22:59.000;12.33;-12.0;7.08;18.22;20.34;36
2026-05-02T08:33:14.000;2026-05-02T01:33:14.000;12.28;-12.4;6.87;18.25;20.34;37
2026-05-02T08:43:29.000;2026-05-02T01:43:29.000;12.15;-12.1;6.83;18.25;20.34;38
2026-05-02T08:53:43.000;2026-05-02T01:53:43.000;11.78;-12.74;6.67;18.28;20.34;39
2026-05-02T09:09:16.000;2026-05-02T02:09:16.000;11.99;-13.06;7.11;18.21;20.34;40
2026-05-02T09:19:39.000;2026-05-02T02:19:39.000;12.47;-12.74;4.83;18.63;20.34;41
2026-05-02T09:34:56.000;2026-05-02T02:34:56.000;11.9;-13.15;3.57;18.96;20.34;42
2026-05-02T09:45:15.000;2026-05-02T02:45:15.000;11.89;-12.49;3.09;19.11;20.34;43
2026-05-02T09:55:29.000;2026-05-02T02:55:29.000;11.28;-12.69;3.05;19.13;20.34;44
2026-05-02T10:11:02.000;2026-05-02T03:11:02.000;11.42;-13.0;3.48;18.99;20.34;45
2026-05-02T10:21:22.000;2026-05-02T03:21:22.000;11.71;-12.75;4.56;18.69;20.34;46
2026-05-02T10:31:35.000;2026-05-02T03:31:35.000;10.78;-12.59;4.16;18.79;20.34;47
2026-05-02T10:41:49.000;2026-05-02T03:41:49.000;10.1;-12.81;3.75;18.91;20.34;48
2026-05-02T10:52:03.000;2026-05-02T03:52:03.000;9.84;-12.93;3.89;18.87;20.34;49
2026-05-02T11:02:17.000;2026-05-02T04:02:17.000;10.09;-12.82;3.64;18.94;20.34;50
2026-05-02T11:12:31.000;2026-05-02T04:12:31.000;10.26;-13.06;2.64;19.29;20.34;51
2026-05-02T11:22:45.000;2026-05-02T04:22:45.000;9.75;-13.31;2.45;19.37;20.34;52
2026-05-02T11:33:00.000;2026-05-02T04:33:00.000;9.95;-12.75;2.61;19.3;20.34;53
2026-05-02T11:43:15.000;2026-05-02T04:43:15.000;10.19;-13.06;4.19;18.78;20.34;54
2026-05-02T11:53:29.000;2026-05-02T04:53:29.000;10.1;-13.14;15.55;17.36;20.34;55
2026-05-02T12:03:44.000;2026-05-02T05:03:44.000;10.34;-12.66;103.91;15.3;20.34;56
2026-05-02T12:13:58.000;2026-05-02T05:13:58.000;10.35;-12.86;1133.51;12.7;20.34;57
2026-05-03T02:21:38.000;2026-05-02T19:21:38.000;16.92;-5.35;5728.07;10.94;20.34;1
2026-05-03T02:31:52.000;2026-05-02T19:31:52.000;17.31;-5.31;435.89;13.74;20.34;2
2026-05-03T02:42:06.000;2026-05-02T19:42:06.000;17.6;-4.94;45.12;16.2;20.34;3
2026-05-03T02:52:22.000;2026-05-02T19:52:22.000;19.35;-3.26;6.86;18.25;20.34;4
2026-05-03T03:02:36.000;2026-05-02T20:02:36.000;18.94;-4.17;1.6;19.83;20.34;5
2026-05-03T03:12:50.000;2026-05-02T20:12:50.000;18.76;-4.27;0.69;20.74;20.34;6
2026-05-03T03:23:04.000;2026-05-02T20:23:04.000;18.46;-4.63;0.54;21.01;20.34;7
2026-05-03T03:33:19.000;2026-05-02T20:33:19.000;17.98;-4.46;0.61;20.87;20.34;8
2026-05-03T03:43:34.000;2026-05-02T20:43:34.000;18.96;-4.32;1.21;20.13;20.34;9
2026-05-03T03:58:52.000;2026-05-02T20:58:52.000;20.3;-5.14;1.57;19.85;20.34;10
2026-05-03T04:09:12.000;2026-05-02T21:09:12.000;19.78;-5.53;1.57;19.85;20.34;11
2026-05-03T04:19:29.000;2026-05-02T21:19:29.000;18.59;-4.98;2.38;19.4;20.34;12
2026-05-03T04:29:43.000;2026-05-02T21:29:43.000;18.4;-5.63;1.88;19.65;20.34;13
2026-05-03T04:50:18.000;2026-05-02T21:50:18.000;20.37;-6.23;2.58;19.31;20.34;14
2026-05-03T05:00:41.000;2026-05-02T22:00:41.000;19.71;-5.69;2.86;19.2;20.34;15
2026-05-03T05:10:57.000;2026-05-02T22:10:57.000;17.91;-5.43;2.91;19.18;20.34;16
2026-05-03T05:21:13.000;2026-05-02T22:21:13.000;17.31;-5.08;3.09;19.11;20.34;17
2026-05-03T05:41:45.000;2026-05-02T22:41:45.000;19.04;-5.89;4.15;18.8;20.34;18
2026-05-03T05:52:08.000;2026-05-02T22:52:08.000;18.73;-5.36;5.49;18.49;20.34;19
2026-05-03T06:02:21.000;2026-05-02T23:02:21.000;17.22;-4.86;4.5;18.71;20.34;20
2026-05-03T06:12:43.000;2026-05-02T23:12:43.000;16.72;-5.51;4.74;18.65;20.34;21
2026-05-03T06:22:59.000;2026-05-02T23:22:59.000;16.29;-5.81;5.59;18.47;20.34;22
2026-05-03T06:33:19.000;2026-05-02T23:33:19.000;16.68;-5.88;4.93;18.61;20.34;23
2026-05-03T06:43:34.000;2026-05-02T23:43:34.000;16.92;-5.61;4.61;18.68;20.34;24
2026-05-03T06:53:48.000;2026-05-02T23:53:48.000;16.81;-4.85;7.53;18.15;20.34;25
2026-05-03T07:04:03.000;2026-05-03T00:04:03.000;17.61;-4.39;6.28;18.34;20.34;26
2026-05-03T07:14:22.000;2026-05-03T00:14:22.000;17.73;-5.09;6.0;18.4;20.34;27
2026-05-03T07:24:36.000;2026-05-03T00:24:36.000;17.47;-3.63;8.76;17.98;20.34;28
2026-05-03T07:34:50.000;2026-05-03T00:34:50.000;16.74;-5.99;8.79;17.98;20.34;29
2026-05-03T07:55:20.000;2026-05-03T00:55:20.000;16.65;-6.76;6.62;18.29;20.34;31
2026-05-03T08:05:38.000;2026-05-03T01:05:38.000;16.55;-6.01;7.7;18.12;20.34;32
2026-05-03T08:15:56.000;2026-05-03T01:15:56.000;16.22;-6.75;9.57;17.89;20.34;33
2026-05-03T08:26:11.000;2026-05-03T01:26:11.000;15.69;-7.51;7.08;18.22;20.34;34
2026-05-03T08:41:44.000;2026-05-03T01:41:44.000;16.41;-5.08;10.67;17.77;20.34;35
2026-05-03T08:52:05.000;2026-05-03T01:52:05.000;17.02;-3.67;10.77;17.76;20.34;36
2026-05-03T09:02:18.000;2026-05-03T02:02:18.000;16.15;-3.39;11.82;17.66;20.34;37
2026-05-03T09:12:34.000;2026-05-03T02:12:34.000;16.37;-3.63;11.85;17.66;20.34;38
2026-05-03T09:22:48.000;2026-05-03T02:22:48.000;16.29;-4.11;12.11;17.63;20.34;39
2026-05-03T09:33:04.000;2026-05-03T02:33:04.000;16.07;-2.27;14.47;17.44;20.34;40
2026-05-03T09:43:21.000;2026-05-03T02:43:21.000;15.46;-4.08;10.95;17.74;20.34;41
2026-05-03T09:53:35.000;2026-05-03T02:53:35.000;15.42;-2.87;11.17;17.72;20.34;42
2026-05-03T10:03:49.000;2026-05-03T03:03:49.000;15.42;-1.8;10.31;17.81;20.34;43
2026-05-03T10:14:05.000;2026-05-03T03:14:05.000;15.61;-0.47;13.64;17.5;20.34;44
2026-05-03T10:24:19.000;2026-05-03T03:24:19.000;15.64;-0.14;14.22;17.46;20.34;45
2026-05-03T10:34:33.000;2026-05-03T03:34:33.000;16.47;0.19;11.59;17.68;20.34;46
2026-05-03T10:44:47.000;2026-05-03T03:44:47.000;17.05;0.3;11.21;17.72;20.34;47
2026-05-03T10:55:03.000;2026-05-03T03:55:03.000;17.09;-0.77;9.55;17.89;20.34;48
2026-05-03T11:05:17.000;2026-05-03T04:05:17.000;17.17;0.63;9.09;17.94;20.34;49
2026-05-03T11:15:32.000;2026-05-03T04:15:32.000;17.57;1.52;10.49;17.79;20.34;50
2026-05-03T11:25:47.000;2026-05-03T04:25:47.000;17.84;2.13;8.8;17.98;20.34;51
2026-05-03T11:36:01.000;2026-05-03T04:36:01.000;17.81;2.68;8.32;18.04;20.34;52
2026-05-03T11:46:16.000;2026-05-03T04:46:16.000;17.65;2.64;9.86;17.85;20.34;53
2026-05-03T11:56:31.000;2026-05-03T04:56:31.000;17.81;2.76;24.75;16.86;20.34;54
2026-05-03T12:06:46.000;2026-05-03T05:06:46.000;17.72;1.86;218.11;14.49;20.34;55
2026-05-03T12:17:00.000;2026-05-03T05:17:00.000;17.93;2.86;1871.05;12.16;20.34;56
2026-05-04T02:22:24.000;2026-05-03T19:22:24.000;18.61;-6.91;7132.53;10.71;20.34;1
2026-05-04T02:42:56.000;2026-05-03T19:42:56.000;19.75;-3.3;43.94;16.23;20.34;3
2026-05-04T02:53:13.000;2026-05-03T19:53:13.000;19.74;-2.15;7.2;18.2;20.34;4
2026-05-04T03:08:33.000;2026-05-03T20:08:33.000;20.72;-4.66;1.75;19.73;20.34;5
2026-05-04T03:18:53.000;2026-05-03T20:18:53.000;20.41;-1.47;1.11;20.23;20.34;6
2026-05-04T03:34:29.000;2026-05-03T20:34:29.000;20.66;-1.15;1.28;20.07;20.34;7
2026-05-04T03:50:08.000;2026-05-03T20:50:08.000;21.11;-4.35;0.96;20.39;20.34;8
2026-05-04T04:00:27.000;2026-05-03T21:00:27.000;20.13;-4.93;0.66;20.79;20.34;9
2026-05-04T04:15:59.000;2026-05-03T21:15:59.000;20.31;-1.82;1.37;20.0;20.34;10
2026-05-04T04:26:19.000;2026-05-03T21:26:19.000;20.15;-3.38;1.12;20.22;20.34;11
2026-05-04T04:36:33.000;2026-05-03T21:36:33.000;19.67;-3.11;1.49;19.91;20.34;12
2026-05-04T04:46:49.000;2026-05-03T21:46:49.000;19.18;-3.02;1.97;19.6;20.34;13
2026-05-04T04:57:06.000;2026-05-03T21:57:06.000;19.35;-1.96;2.25;19.46;20.34;14
2026-05-04T05:07:20.000;2026-05-03T22:07:20.000;19.34;-1.91;2.88;19.19;20.34;15
2026-05-04T05:17:36.000;2026-05-03T22:17:36.000;19.3;-1.37;3.31;19.04;20.34;16
2026-05-04T05:27:50.000;2026-05-03T22:27:50.000;19.44;-0.69;3.56;18.96;20.34;17
2026-05-04T05:38:05.000;2026-05-03T22:38:05.000;19.43;-1.72;4.14;18.8;20.34;18
2026-05-04T05:48:20.000;2026-05-03T22:48:20.000;19.71;-4.03;4.14;18.8;20.34;19
2026-05-04T05:58:34.000;2026-05-03T22:58:34.000;19.69;-2.72;5.69;18.45;20.34;20
2026-05-04T06:08:49.000;2026-05-03T23:08:49.000;19.86;-1.35;5.69;18.45;20.34;21
2026-05-04T06:19:04.000;2026-05-03T23:19:04.000;19.69;-1.81;5.68;18.45;20.34;22
2026-05-04T06:34:37.000;2026-05-03T23:34:37.000;20.07;-3.68;8.06;18.07;20.34;23
2026-05-04T06:44:56.000;2026-05-03T23:44:56.000;19.61;-5.49;7.41;18.17;20.34;24
2026-05-04T07:00:30.000;2026-05-04T00:00:30.000;19.2;-4.71;9.03;17.95;20.34;25
2026-05-04T07:21:05.000;2026-05-04T00:21:05.000;17.53;-4.44;6.97;18.23;20.34;27
2026-05-04T07:31:21.000;2026-05-04T00:31:21.000;16.7;-1.31;10.39;17.8;20.34;28
2026-05-04T07:41:46.000;2026-05-04T00:41:46.000;16.74;1.36;9.31;17.92;20.34;29
2026-05-04T07:52:02.000;2026-05-04T00:52:02.000;17.11;4.04;8.92;17.96;20.34;30
2026-05-04T08:02:21.000;2026-05-04T01:02:21.000;16.95;2.9;9.67;17.88;20.34;31
2026-05-04T08:12:35.000;2026-05-04T01:12:35.000;16.67;-0.61;10.92;17.74;20.34;32
2026-05-04T08:22:50.000;2026-05-04T01:22:50.000;17.01;3.6;10.0;17.84;20.34;33
2026-05-04T08:33:05.000;2026-05-04T01:33:05.000;17.0;4.59;6.77;18.26;20.34;34
2026-05-04T08:43:19.000;2026-05-04T01:43:19.000;18.03;3.68;9.18;17.93;20.34;35
2026-05-04T08:53:37.000;2026-05-04T01:53:37.000;18.16;1.14;10.8;17.76;20.34;36
2026-05-04T09:14:09.000;2026-05-04T02:14:09.000;19.62;1.85;11.79;17.66;20.34;37
2026-05-04T09:24:34.000;2026-05-04T02:24:34.000;18.91;3.73;9.49;17.9;20.34;38
2026-05-04T09:34:50.000;2026-05-04T02:34:50.000;18.18;5.05;10.04;17.84;20.34;39
2026-05-04T09:45:05.000;2026-05-04T02:45:05.000;18.1;2.29;11.34;17.7;20.34;40
2026-05-04T09:55:20.000;2026-05-04T02:55:20.000;17.74;-0.63;12.72;17.58;20.34;41
2026-05-04T10:05:35.000;2026-05-04T03:05:35.000;17.53;-2.41;11.71;17.67;20.34;42
2026-05-04T10:15:49.000;2026-05-04T03:15:49.000;17.38;-2.11;11.02;17.73;20.34;43
2026-05-04T10:26:04.000;2026-05-04T03:26:04.000;17.09;-2.18;10.67;17.77;20.34;44
2026-05-04T10:36:18.000;2026-05-04T03:36:18.000;16.97;-2.94;10.49;17.79;20.34;45
2026-05-04T10:46:32.000;2026-05-04T03:46:32.000;16.68;-2.25;11.1;17.73;20.34;46
2026-05-04T10:56:52.000;2026-05-04T03:56:52.000;16.87;-1.52;8.56;18.01;20.34;47
2026-05-04T11:07:06.000;2026-05-04T04:07:06.000;16.89;-1.31;9.29;17.92;20.34;48
2026-05-04T11:17:21.000;2026-05-04T04:17:21.000;16.92;-1.89;8.26;18.05;20.34;49
2026-05-04T11:27:35.000;2026-05-04T04:27:35.000;16.68;-3.22;9.37;17.91;20.34;50
2026-05-04T11:37:58.000;2026-05-04T04:37:58.000;16.28;-2.87;9.25;17.93;20.34;51
2026-05-04T11:48:13.000;2026-05-04T04:48:13.000;16.35;-2.57;11.62;17.68;20.34;52
2026-05-04T11:58:29.000;2026-05-04T04:58:29.000;16.23;-2.41;36.79;16.43;20.34;53
2026-05-04T12:08:43.000;2026-05-04T05:08:43.000;16.24;-1.27;299.23;14.15;20.34;54
2026-05-04T12:18:57.000;2026-05-04T05:18:57.000;16.2;-1.1;4357.68;11.24;20.34;55
2026-05-05T03:46:38.000;2026-05-04T20:46:38.000;20.95;3.76;7.04;18.22;20.34;2
2026-05-05T04:38:40.000;2026-05-04T21:38:40.000;18.82;7.03;1.33;20.03;20.34;5
2026-05-05T05:04:42.000;2026-05-04T22:04:42.000;18.23;7.04;1.56;19.86;20.34;7
2026-05-05T05:20:25.000;2026-05-04T22:20:25.000;18.3;6.79;1.49;19.91;20.34;8
2026-05-05T05:41:05.000;2026-05-04T22:41:05.000;18.81;6.69;1.56;19.86;20.34;9
2026-05-05T05:51:33.000;2026-05-04T22:51:33.000;17.41;6.92;1.5;19.9;20.34;10
2026-05-05T06:33:06.000;2026-05-04T23:33:06.000;14.5;8.62;1.77;19.72;20.34;13
2026-05-05T06:48:36.000;2026-05-04T23:48:36.000;14.19;8.65;2.28;19.45;20.34;14
2026-05-05T07:09:48.000;2026-05-05T00:09:48.000;13.32;12.62;2.28;19.44;20.34;16
2026-05-05T07:25:19.000;2026-05-05T00:25:19.000;13.83;12.65;3.49;18.98;20.34;17
2026-05-05T07:35:44.000;2026-05-05T00:35:44.000;13.05;11.2;2.91;19.18;20.34;18
2026-05-05T07:45:59.000;2026-05-05T00:45:59.000;12.35;11.71;2.3;19.44;20.34;19
2026-05-05T07:56:15.000;2026-05-05T00:56:15.000;11.93;11.47;2.69;19.26;20.34;20
2026-05-05T08:06:30.000;2026-05-05T01:06:30.000;11.79;11.18;3.18;19.08;20.34;21
2026-05-05T08:16:45.000;2026-05-05T01:16:45.000;11.64;11.14;2.9;19.18;20.34;22
2026-05-05T08:26:58.000;2026-05-05T01:26:58.000;11.35;10.27;3.06;19.12;20.34;23
2026-05-05T08:37:12.000;2026-05-05T01:37:12.000;11.54;11.24;3.62;18.94;20.34;24
2026-05-05T08:47:26.000;2026-05-05T01:47:26.000;11.81;11.39;3.33;19.03;20.34;25
2026-05-05T08:57:56.000;2026-05-05T01:57:56.000;11.85;8.66;2.75;19.24;20.34;26
2026-05-05T09:08:12.000;2026-05-05T02:08:12.000;11.87;9.36;1.84;19.68;20.34;27
2026-05-05T09:18:26.000;2026-05-05T02:18:26.000;11.71;10.22;2.23;19.47;20.34;28
2026-05-05T10:40:41.000;2026-05-05T03:40:41.000;13.53;9.26;4.64;18.67;20.34;31
2026-05-05T10:51:00.000;2026-05-05T03:51:00.000;12.33;8.78;4.27;18.76;20.34;32
2026-05-05T11:01:12.000;2026-05-05T04:01:12.000;11.82;10.95;6.81;18.26;20.34;33
2026-05-05T11:11:25.000;2026-05-05T04:11:25.000;11.65;10.92;5.7;18.45;20.34;34
2026-05-05T11:21:39.000;2026-05-05T04:21:39.000;11.57;10.95;4.32;18.75;20.34;35
2026-05-05T11:31:53.000;2026-05-05T04:31:53.000;11.49;10.85;4.82;18.63;20.34;36
2026-05-05T11:42:08.000;2026-05-05T04:42:08.000;11.02;8.99;5.74;18.44;20.34;37
2026-05-05T11:52:21.000;2026-05-05T04:52:21.000;10.83;9.13;11.82;17.66;20.34;38
2026-05-05T12:02:36.000;2026-05-05T05:02:36.000;10.81;7.02;135.75;15.01;20.34;39
2026-05-05T12:12:50.000;2026-05-05T05:12:50.000;10.7;4.72;1289.33;12.56;20.34;40
2026-05-06T02:43:31.000;2026-05-05T19:43:31.000;13.71;-15.16;66.07;15.79;20.34;2
2026-05-06T02:53:50.000;2026-05-05T19:53:50.000;12.87;-15.04;9.61;17.88;20.34;3
2026-05-06T03:09:08.000;2026-05-05T20:09:08.000;13.26;-16.43;1.62;19.81;20.34;4
2026-05-06T03:19:30.000;2026-05-05T20:19:30.000;13.48;-16.73;0.46;21.19;20.34;5
2026-05-06T03:29:44.000;2026-05-05T20:29:44.000;12.86;-16.75;0.27;21.76;20.34;6
2026-05-06T03:39:59.000;2026-05-05T20:39:59.000;12.78;-16.65;0.33;21.54;20.34;7
2026-05-06T03:50:16.000;2026-05-05T20:50:16.000;12.35;-15.87;0.28;21.73;20.34;8
2026-05-06T04:00:31.000;2026-05-05T21:00:31.000;11.71;-16.08;0.23;21.94;20.34;9
2026-05-06T04:10:46.000;2026-05-05T21:10:46.000;11.61;-16.23;0.29;21.69;20.34;10
2026-05-06T04:21:01.000;2026-05-05T21:21:01.000;10.71;-15.43;0.24;21.9;20.34;11
2026-05-06T04:31:16.000;2026-05-05T21:31:16.000;10.58;-15.8;0.25;21.83;20.34;12
2026-05-06T04:41:33.000;2026-05-05T21:41:33.000;10.5;-16.01;0.19;22.17;20.34;13
2026-05-06T04:51:50.000;2026-05-05T21:51:50.000;9.52;-16.95;0.28;21.72;20.34;14
2026-05-06T05:02:08.000;2026-05-05T22:02:08.000;8.87;-17.02;0.23;21.92;20.34;15
2026-05-06T05:12:22.000;2026-05-05T22:12:22.000;8.88;-17.47;0.23;21.93;20.34;16
2026-05-06T05:22:38.000;2026-05-05T22:22:38.000;8.62;-17.42;0.27;21.74;20.34;17
2026-05-06T05:32:58.000;2026-05-05T22:32:58.000;8.8;-18.37;0.23;21.94;20.34;18
2026-05-06T05:43:13.000;2026-05-05T22:43:13.000;8.16;-18.55;0.23;21.92;20.34;19
2026-05-06T05:53:28.000;2026-05-05T22:53:28.000;7.75;-18.16;0.3;21.64;20.34;20
2026-05-06T06:03:42.000;2026-05-05T23:03:42.000;7.75;-18.54;0.25;21.82;20.34;21
2026-05-06T06:13:56.000;2026-05-05T23:13:56.000;7.49;-19.08;0.36;21.45;20.34;22
2026-05-06T06:24:11.000;2026-05-05T23:24:11.000;7.62;-19.52;0.5;21.09;20.34;23
2026-05-06T06:34:25.000;2026-05-05T23:34:25.000;7.54;-19.72;0.57;20.94;20.34;24
2026-05-06T07:00:06.000;2026-05-06T00:00:06.000;7.29;-20.33;0.71;20.7;20.34;26
2026-05-06T07:20:41.000;2026-05-06T00:20:41.000;7.61;-20.17;1.17;20.17;20.34;27
2026-05-06T07:31:05.000;2026-05-06T00:31:05.000;7.71;-19.42;1.08;20.26;20.34;28
2026-05-06T07:41:19.000;2026-05-06T00:41:19.000;6.3;-19.77;1.15;20.19;20.34;29
2026-05-06T07:51:32.000;2026-05-06T00:51:32.000;5.4;-19.14;1.39;19.98;20.34;30
2026-05-06T08:01:46.000;2026-05-06T01:01:46.000;5.01;-19.68;1.45;19.93;20.34;31
2026-05-06T08:17:23.000;2026-05-06T01:17:23.000;6.12;-20.29;1.73;19.75;20.34;32
2026-05-06T08:27:45.000;2026-05-06T01:27:45.000;6.41;-19.74;1.63;19.81;20.34;33
2026-05-06T08:38:00.000;2026-05-06T01:38:00.000;5.56;-19.83;1.7;19.76;20.34;34
2026-05-06T08:48:16.000;2026-05-06T01:48:16.000;5.21;-19.52;1.79;19.71;20.34;35
2026-05-06T08:58:32.000;2026-05-06T01:58:32.000;4.97;-19.89;1.83;19.69;20.34;36
2026-05-06T09:08:45.000;2026-05-06T02:08:45.000;4.11;-19.95;1.91;19.64;20.34;37
2026-05-06T09:18:59.000;2026-05-06T02:18:59.000;4.09;-19.48;1.96;19.61;20.34;38
2026-05-06T09:29:14.000;2026-05-06T02:29:14.000;4.83;-19.32;2.0;19.59;20.34;39
2026-05-06T09:39:29.000;2026-05-06T02:39:29.000;5.05;-19.43;2.05;19.56;20.34;40
2026-05-06T09:49:43.000;2026-05-06T02:49:43.000;5.34;-19.79;2.09;19.54;20.34;41
2026-05-06T09:59:57.000;2026-05-06T02:59:57.000;4.92;-19.88;2.13;19.52;20.34;42
2026-05-06T10:10:11.000;2026-05-06T03:10:11.000;3.93;-19.81;2.14;19.51;20.34;43
2026-05-06T10:20:25.000;2026-05-06T03:20:25.000;3.67;-19.93;2.25;19.46;20.34;44
2026-05-06T10:35:43.000;2026-05-06T03:35:43.000;4.52;-20.32;2.56;19.32;20.34;45
2026-05-06T10:46:06.000;2026-05-06T03:46:06.000;4.77;-20.16;2.25;19.46;20.34;46
2026-05-06T10:56:19.000;2026-05-06T03:56:19.000;3.83;-20.13;2.24;19.47;20.34;47
2026-05-06T11:06:33.000;2026-05-06T04:06:33.000;3.32;-19.65;2.25;19.46;20.34;48
2026-05-06T11:16:49.000;2026-05-06T04:16:49.000;3.62;-19.07;2.28;19.45;20.34;49
2026-05-06T11:27:03.000;2026-05-06T04:27:03.000;3.72;-19.27;2.47;19.36;20.34;50
2026-05-06T11:37:17.000;2026-05-06T04:37:17.000;3.24;-20.36;3.69;18.92;20.34;51
2026-05-06T11:47:32.000;2026-05-06T04:47:32.000;3.51;-20.55;11.32;17.71;20.34;52
2026-05-06T11:57:46.000;2026-05-06T04:57:46.000;3.24;-19.67;67.04;15.77;20.34;53
2026-05-06T12:08:00.000;2026-05-06T05:08:00.000;3.07;-20.1;703.33;13.22;20.34;54
2026-05-07T02:28:10.000;2026-05-06T19:28:10.000;17.39;-11.88;3570.78;11.46;20.34;1
2026-05-07T02:43:27.000;2026-05-06T19:43:27.000;18.65;-13.1;169.79;14.77;20.34;2
2026-05-07T02:53:53.000;2026-05-06T19:53:53.000;18.45;-13.08;11.64;17.68;20.34;3
2026-05-07T03:09:33.000;2026-05-06T20:09:33.000;18.24;-13.44;1.86;19.67;20.34;4
2026-05-07T03:19:55.000;2026-05-06T20:19:55.000;17.2;-13.34;0.51;21.06;20.34;5
2026-05-07T03:30:08.000;2026-05-06T20:30:08.000;16.18;-13.34;0.38;21.39;20.34;6
2026-05-07T03:40:27.000;2026-05-06T20:40:27.000;16.07;-13.37;0.29;21.69;20.34;7
2026-05-07T03:56:01.000;2026-05-06T20:56:01.000;16.03;-14.15;0.52;21.06;20.34;8
2026-05-07T04:06:25.000;2026-05-06T21:06:25.000;15.87;-14.09;0.3;21.63;20.34;9
2026-05-07T04:16:40.000;2026-05-06T21:16:40.000;14.46;-14.02;0.35;21.48;20.34;10
2026-05-07T04:26:59.000;2026-05-06T21:26:59.000;14.08;-14.27;0.3;21.65;20.34;11
2026-05-07T04:37:19.000;2026-05-06T21:37:19.000;13.38;-13.92;0.32;21.56;20.34;12
2026-05-07T04:47:33.000;2026-05-06T21:47:33.000;13.14;-13.95;0.32;21.58;20.34;13
2026-05-07T05:03:06.000;2026-05-06T22:03:06.000;13.7;-14.65;0.46;21.17;20.34;14
2026-05-07T05:13:28.000;2026-05-06T22:13:28.000;13.25;-14.48;0.32;21.59;20.34;15
2026-05-07T05:23:44.000;2026-05-06T22:23:44.000;12.66;-14.18;0.24;21.87;20.34;16
2026-05-07T05:34:03.000;2026-05-06T22:34:03.000;12.09;-14.06;0.24;21.9;20.34;17
2026-05-07T05:44:17.000;2026-05-06T22:44:17.000;11.82;-13.84;0.19;22.15;20.34;18
2026-05-07T05:59:59.000;2026-05-06T22:59:59.000;13.18;-14.51;0.43;21.27;20.34;19
2026-05-07T06:36:12.000;2026-05-06T23:36:12.000;14.73;-15.72;0.43;21.25;20.34;21
2026-05-08T02:29:39.000;2026-05-07T19:29:39.000;21.66;4.92;4062.06;11.32;20.34;1
2026-05-08T03:05:42.000;2026-05-07T20:05:42.000;21.47;-5.18;4.77;18.64;20.34;4
2026-05-08T03:21:34.000;2026-05-07T20:21:34.000;21.11;-10.03;0.88;20.48;20.34;5
2026-05-08T03:52:12.000;2026-05-07T20:52:12.000;22.04;-4.94;1.0;20.34;20.34;6
2026-05-08T04:02:32.000;2026-05-07T21:02:32.000;19.66;-5.3;0.65;20.8;20.34;7
2026-05-08T04:12:49.000;2026-05-07T21:12:49.000;18.02;-0.54;0.82;20.55;20.34;8
2026-05-08T04:23:04.000;2026-05-07T21:23:04.000;18.29;2.67;0.88;20.48;20.34;9
2026-05-08T04:33:22.000;2026-05-07T21:33:22.000;18.0;4.43;1.01;20.32;20.34;10
2026-05-08T04:43:39.000;2026-05-07T21:43:39.000;18.24;6.91;1.32;20.03;20.34;11
2026-05-08T06:44:21.000;2026-05-07T23:44:21.000;21.55;-8.43;0.79;20.59;20.34;12
2026-05-09T02:29:17.000;2026-05-08T19:29:17.000;23.68;-6.27;4164.09;11.29;20.34;1
2026-05-09T02:39:33.000;2026-05-08T19:39:33.000;24.24;-6.37;301.83;14.14;20.34;2
2026-05-09T03:35:18.000;2026-05-08T20:35:18.000;26.68;-8.89;5.27;18.54;20.34;3
2026-05-09T04:31:14.000;2026-05-08T21:31:14.000;25.98;-9.4;0.49;21.11;20.34;4
2026-05-09T04:46:50.000;2026-05-08T21:46:50.000;23.54;-8.96;0.47;21.15;20.34;5
2026-05-09T05:23:13.000;2026-05-08T22:23:13.000;22.96;-9.04;0.46;21.17;20.34;7
2026-05-09T05:38:55.000;2026-05-08T22:38:55.000;22.69;-9.0;0.46;21.18;20.34;8
2026-05-09T05:54:39.000;2026-05-08T22:54:39.000;22.57;-8.59;0.46;21.19;20.34;9
2026-05-09T06:05:00.000;2026-05-08T23:05:00.000;22.21;-8.01;0.27;21.77;20.34;10
2026-05-09T07:36:39.000;2026-05-09T00:36:39.000;24.1;-10.02;0.43;21.25;20.34;12
2026-05-09T07:52:31.000;2026-05-09T00:52:31.000;19.11;-9.85;0.41;21.32;20.34;13
2026-05-10T02:35:25.000;2026-05-09T19:35:25.000;27.13;-4.94;2433.56;11.87;20.34;1
2026-05-10T03:58:02.000;2026-05-09T20:58:02.000;26.33;-7.6;0.47;21.16;20.34;7
2026-05-10T04:08:21.000;2026-05-09T21:08:21.000;26.19;-7.43;0.31;21.6;20.34;8
2026-05-10T04:18:37.000;2026-05-09T21:18:37.000;25.35;-7.03;0.26;21.82;20.34;9
2026-05-10T04:28:54.000;2026-05-09T21:28:54.000;24.97;-7.61;0.23;21.94;20.34;10
2026-05-10T04:39:10.000;2026-05-09T21:39:10.000;24.7;-7.36;0.25;21.85;20.34;11
2026-05-10T04:49:24.000;2026-05-09T21:49:24.000;24.97;-6.91;0.25;21.85;20.34;12
2026-05-10T05:04:57.000;2026-05-09T22:04:57.000;25.49;-8.07;0.43;21.25;20.34;13
2026-05-10T05:15:18.000;2026-05-09T22:15:18.000;24.88;-7.56;0.29;21.68;20.34;14
2026-05-10T05:30:49.000;2026-05-09T22:30:49.000;25.13;-8.0;0.42;21.27;20.34;15
2026-05-10T05:41:12.000;2026-05-09T22:41:12.000;24.52;-7.73;0.29;21.7;20.34;16
2026-05-10T05:51:26.000;2026-05-09T22:51:26.000;23.82;-7.39;0.25;21.83;20.34;17
2026-05-10T06:01:41.000;2026-05-09T23:01:41.000;23.51;-7.49;0.25;21.84;20.34;18
2026-05-10T06:12:00.000;2026-05-09T23:12:00.000;23.16;-7.42;0.25;21.85;20.34;19
2026-05-10T06:22:16.000;2026-05-09T23:22:16.000;21.94;-7.93;0.2;22.07;20.34;20
2026-05-10T06:37:53.000;2026-05-09T23:37:53.000;21.15;-8.45;0.4;21.34;20.34;21
2026-05-10T06:53:31.000;2026-05-09T23:53:31.000;20.74;-8.8;0.4;21.35;20.34;22
2026-05-10T07:55:39.000;2026-05-10T00:55:39.000;21.02;-9.02;0.22;22.01;20.34;25
2026-05-10T08:11:19.000;2026-05-10T01:11:19.000;19.84;-9.39;0.38;21.39;20.34;26
2026-05-10T08:21:44.000;2026-05-10T01:21:44.000;20.2;-7.72;0.22;22.01;20.34;27
2026-05-10T08:31:58.000;2026-05-10T01:31:58.000;19.73;-8.98;0.2;22.09;20.34;28
2026-05-10T08:47:35.000;2026-05-10T01:47:35.000;18.59;-9.85;0.42;21.28;20.34;29
2026-05-10T08:58:02.000;2026-05-10T01:58:02.000;18.12;-9.81;0.28;21.71;20.34;30
2026-05-10T09:08:22.000;2026-05-10T02:08:22.000;16.72;-9.55;0.34;21.51;20.34;31
2026-05-10T09:18:37.000;2026-05-10T02:18:37.000;16.37;-9.38;0.3;21.64;20.34;32
2026-05-10T09:28:55.000;2026-05-10T02:28:55.000;15.93;-9.34;0.32;21.57;20.34;33
2026-05-10T09:39:13.000;2026-05-10T02:39:13.000;16.1;-8.93;0.36;21.46;20.34;34
2026-05-10T09:49:28.000;2026-05-10T02:49:28.000;15.96;-9.33;0.43;21.25;20.34;35
2026-05-10T09:59:48.000;2026-05-10T02:59:48.000;15.7;-9.54;0.58;20.93;20.34;36
2026-05-10T10:10:02.000;2026-05-10T03:10:02.000;15.41;-9.65;0.56;20.98;20.34;37
2026-05-10T10:20:17.000;2026-05-10T03:20:17.000;15.0;-9.58;0.61;20.87;20.34;38
2026-05-10T10:30:35.000;2026-05-10T03:30:35.000;15.5;-9.6;0.73;20.67;20.34;39
2026-05-10T10:40:55.000;2026-05-10T03:40:55.000;15.31;-9.02;0.75;20.65;20.34;40
2026-05-10T10:51:12.000;2026-05-10T03:51:12.000;15.2;-9.93;0.79;20.59;20.34;41
2026-05-10T11:01:30.000;2026-05-10T04:01:30.000;14.75;-9.88;0.86;20.51;20.34;42
2026-05-10T11:11:48.000;2026-05-10T04:11:48.000;14.18;-9.8;0.89;20.47;20.34;43
2026-05-10T11:22:03.000;2026-05-10T04:22:03.000;13.83;-10.07;1.08;20.26;20.34;44
2026-05-10T11:32:20.000;2026-05-10T04:32:20.000;14.22;-10.02;2.08;19.55;20.34;45
2026-05-10T11:42:39.000;2026-05-10T04:42:39.000;13.55;-10.06;7.12;18.21;20.34;46
2026-05-10T11:52:57.000;2026-05-10T04:52:57.000;13.32;-10.35;42.54;16.27;20.34;47
2026-05-10T12:03:11.000;2026-05-10T05:03:11.000;13.35;-9.56;433.16;13.75;20.34;48
2026-05-10T12:13:26.000;2026-05-10T05:13:26.000;13.42;-10.09;5347.15;11.02;20.34;49
2026-05-11T04:45:54.000;2026-05-10T21:45:54.000;27.44;-7.93;138.49;14.99;20.34;1
2026-05-12T03:31:01.000;2026-05-11T20:31:01.000;34.29;11.41;1.69;19.77;20.34;1
2026-05-12T03:40:56.000;2026-05-11T20:40:56.000;31.03;4.44;0.38;21.39;20.34;2
2026-05-12T04:11:57.000;2026-05-11T21:11:57.000;29.72;7.06;0.51;21.07;20.34;4
2026-05-12T04:22:09.000;2026-05-11T21:22:09.000;27.99;7.04;0.5;21.09;20.34;5
2026-05-13T03:21:39.000;2026-05-12T20:21:39.000;29.5;-0.15;1.71;19.76;20.34;3
2026-05-13T03:37:18.000;2026-05-12T20:37:18.000;28.71;1.56;0.79;20.59;20.34;4
2026-05-13T03:47:37.000;2026-05-12T20:47:37.000;27.66;-0.66;0.46;21.18;20.34;5
2026-05-13T03:57:52.000;2026-05-12T20:57:52.000;26.63;1.47;0.6;20.89;20.34;6
2026-05-13T04:08:14.000;2026-05-12T21:08:14.000;26.24;3.34;1.16;20.18;20.34;7
2026-05-13T04:18:33.000;2026-05-12T21:18:33.000;25.86;2.77;0.83;20.54;20.34;8
2026-05-13T04:59:16.000;2026-05-12T21:59:16.000;28.23;-0.58;0.78;20.6;20.34;9
2026-05-13T05:09:39.000;2026-05-12T22:09:39.000;25.63;0.62;0.72;20.69;20.34;10
2026-05-14T05:58:49.000;2026-05-13T22:58:49.000;23.32;-6.28;0.29;21.67;20.34;2
2026-05-16T02:35:34.000;2026-05-15T19:35:34.000;18.89;-9.93;3376.11;11.52;20.34;1
2026-05-16T02:45:52.000;2026-05-15T19:45:52.000;19.96;-10.14;263.88;14.29;20.34;2
2026-05-16T03:01:24.000;2026-05-15T20:01:24.000;20.39;-10.52;23.81;16.9;20.34;3
2026-05-16T03:11:49.000;2026-05-15T20:11:49.000;20.86;-10.16;2.47;19.36;20.34;4
2026-05-16T03:37:48.000;2026-05-15T20:37:48.000;20.85;-10.87;0.51;21.07;20.34;6
2026-05-16T03:48:13.000;2026-05-15T20:48:13.000;20.88;-10.82;0.31;21.61;20.34;7
2026-05-16T04:03:58.000;2026-05-15T21:03:58.000;20.36;-11.37;0.45;21.22;20.34;8
2026-05-16T04:14:24.000;2026-05-15T21:14:24.000;19.83;-11.47;0.26;21.79;20.34;9
2026-05-16T04:24:41.000;2026-05-15T21:24:41.000;19.11;-11.75;0.26;21.81;20.34;10
2026-05-16T04:34:58.000;2026-05-15T21:34:58.000;18.84;-11.39;0.25;21.83;20.34;11
2026-05-16T04:45:15.000;2026-05-15T21:45:15.000;19.04;-11.4;0.21;22.04;20.34;12
2026-05-16T04:55:33.000;2026-05-15T21:55:33.000;19.34;-11.05;0.27;21.74;20.34;13
2026-05-16T05:05:48.000;2026-05-15T22:05:48.000;19.24;-11.67;0.25;21.86;20.34;14
2026-05-16T05:21:26.000;2026-05-15T22:21:26.000;18.8;-12.52;0.41;21.31;20.34;15
2026-05-16T05:31:47.000;2026-05-15T22:31:47.000;18.92;-11.85;0.29;21.68;20.34;16
2026-05-16T06:44:29.000;2026-05-15T23:44:29.000;17.39;-12.98;0.23;21.93;20.34;20
2026-05-16T06:54:43.000;2026-05-15T23:54:43.000;16.19;-13.19;0.28;21.73;20.34;21
2026-05-17T06:46:41.000;2026-05-16T23:46:41.000;21.89;-14.06;0.41;21.31;20.34;3
2026-05-19T02:47:13.000;2026-05-18T19:47:13.000;20.99;-7.92;1335.82;12.53;20.34;1
2026-05-19T03:12:54.000;2026-05-18T20:12:54.000;22.24;-8.57;12.75;17.58;20.34;2
2026-05-19T03:43:57.000;2026-05-18T20:43:57.000;18.67;-8.2;0.33;21.55;20.34;5
2026-05-19T03:59:31.000;2026-05-18T20:59:31.000;19.0;-8.96;0.46;21.18;20.34;6
2026-05-19T04:30:12.000;2026-05-18T21:30:12.000;20.68;-10.69;0.46;21.19;20.34;7
2026-05-19T05:01:20.000;2026-05-18T22:01:20.000;18.37;-11.08;0.43;21.26;20.34;9
2026-05-19T05:27:08.000;2026-05-18T22:27:08.000;19.09;-11.39;0.42;21.28;20.34;10
2026-05-20T02:34:26.000;2026-05-19T19:34:26.000;19.05;-4.24;6472.39;10.81;20.34;1
2026-05-20T02:44:51.000;2026-05-19T19:44:51.000;19.72;-3.46;615.58;13.37;20.34;2
2026-05-20T03:00:23.000;2026-05-19T20:00:23.000;20.35;-5.24;43.83;16.24;20.34;3
2026-05-20T03:10:46.000;2026-05-19T20:10:46.000;20.22;-5.74;4.29;18.76;20.34;4
2026-05-20T03:51:22.000;2026-05-19T20:51:22.000;22.85;-3.02;1.37;20.0;20.34;5
2026-05-20T04:01:59.000;2026-05-19T21:01:59.000;21.31;-3.06;0.81;20.57;20.34;6
2026-05-20T04:17:40.000;2026-05-19T21:17:40.000;19.89;-4.53;0.86;20.51;20.34;7
2026-05-20T06:05:59.000;2026-05-19T23:05:59.000;18.84;-8.0;0.37;21.41;20.34;12
2026-05-20T06:16:12.000;2026-05-19T23:16:12.000;16.69;-9.1;0.35;21.49;20.34;13
2026-05-20T06:52:31.000;2026-05-19T23:52:31.000;14.7;-11.81;0.44;21.24;20.34;16
2026-05-20T07:54:42.000;2026-05-20T00:54:42.000;14.73;-9.29;0.39;21.36;20.34;19
2026-05-20T08:25:25.000;2026-05-20T01:25:25.000;16.96;-10.52;0.57;20.94;20.34;20
2026-05-20T08:51:09.000;2026-05-20T01:51:09.000;16.47;-10.72;0.63;20.84;20.34;21
2026-05-20T09:01:35.000;2026-05-20T02:01:35.000;14.81;-11.13;0.4;21.34;20.34;22
2026-05-20T09:32:36.000;2026-05-20T02:32:36.000;12.02;-13.11;0.36;21.44;20.34;25
2026-05-20T09:42:51.000;2026-05-20T02:42:51.000;11.33;-12.66;0.37;21.4;20.34;26
2026-05-20T09:53:06.000;2026-05-20T02:53:06.000;10.97;-12.76;0.44;21.24;20.34;27
2026-05-20T10:03:20.000;2026-05-20T03:03:20.000;10.51;-13.69;0.33;21.55;20.34;28
2026-05-20T10:13:34.000;2026-05-20T03:13:34.000;10.4;-13.83;0.3;21.64;20.34;29
2026-05-20T10:23:50.000;2026-05-20T03:23:50.000;10.34;-13.94;0.33;21.53;20.34;30
2026-05-20T10:34:04.000;2026-05-20T03:34:04.000;9.61;-14.78;0.38;21.39;20.34;31
2026-05-20T10:44:18.000;2026-05-20T03:44:18.000;9.32;-14.8;0.4;21.32;20.34;32
2026-05-20T10:54:34.000;2026-05-20T03:54:34.000;9.44;-14.33;0.41;21.3;20.34;33
2026-05-20T11:04:49.000;2026-05-20T04:04:49.000;9.25;-14.61;0.41;21.3;20.34;34
2026-05-20T11:15:03.000;2026-05-20T04:15:03.000;8.96;-15.07;0.55;20.99;20.34;35
2026-05-20T11:25:19.000;2026-05-20T04:25:19.000;8.58;-14.93;1.41;19.97;20.34;36
2026-05-20T11:35:33.000;2026-05-20T04:35:33.000;9.05;-15.12;5.35;18.52;20.34;37
2026-05-20T11:45:48.000;2026-05-20T04:45:48.000;8.92;-15.78;31.66;16.59;20.34;38
2026-05-20T11:56:02.000;2026-05-20T04:56:02.000;8.65;-15.59;359.42;13.95;20.34;39
2026-05-20T12:06:15.000;2026-05-20T05:06:15.000;8.39;-16.09;4699.45;11.16;20.34;40
2026-05-21T03:03:00.000;2026-05-20T20:03:00.000;21.63;-10.17;26.81;16.77;20.34;3
2026-05-21T03:59:24.000;2026-05-20T20:59:24.000;22.25;-10.81;0.77;20.62;20.34;5
2026-05-21T04:09:44.000;2026-05-20T21:09:44.000;21.02;-10.07;0.5;21.1;20.34;6
2026-05-21T04:19:59.000;2026-05-20T21:19:59.000;20.12;-9.48;0.58;20.92;20.34;7
2026-05-21T04:30:15.000;2026-05-20T21:30:15.000;19.69;-9.69;0.47;21.16;20.34;8
2026-05-21T04:45:50.000;2026-05-20T21:45:50.000;20.33;-9.4;0.82;20.55;20.34;9
2026-05-21T04:56:13.000;2026-05-20T21:56:13.000;19.93;-9.15;0.51;21.07;20.34;10
2026-05-21T05:16:29.000;2026-05-20T22:16:29.000;20.5;-9.88;0.61;20.87;20.34;11
2026-05-21T05:31:56.000;2026-05-20T22:31:56.000;19.54;-9.61;0.56;20.97;20.34;12
2026-05-21T05:42:14.000;2026-05-20T22:42:14.000;18.37;-9.02;0.32;21.56;20.34;13
2026-05-21T05:52:32.000;2026-05-20T22:52:32.000;17.36;-8.75;0.38;21.39;20.34;14
2026-05-21T06:02:50.000;2026-05-20T23:02:50.000;17.38;-8.41;0.34;21.51;20.34;15
2026-05-21T06:13:05.000;2026-05-20T23:13:05.000;17.24;-8.02;0.28;21.73;20.34;16
2026-05-21T06:23:21.000;2026-05-20T23:23:21.000;17.03;-8.18;0.25;21.85;20.34;17
2026-05-21T06:33:38.000;2026-05-20T23:33:38.000;16.78;-8.02;0.19;22.15;20.34;18
2026-05-21T06:43:54.000;2026-05-20T23:43:54.000;15.94;-8.68;0.19;22.16;20.34;19
2026-05-21T06:59:42.000;2026-05-20T23:59:42.000;15.48;-9.43;0.4;21.33;20.34;20
2026-05-21T07:20:23.000;2026-05-21T00:20:23.000;16.36;-9.96;0.39;21.36;20.34;21
2026-05-21T07:36:17.000;2026-05-21T00:36:17.000;16.02;-10.12;0.38;21.38;20.34;22
2026-05-21T07:52:03.000;2026-05-21T00:52:03.000;15.68;-10.73;0.38;21.38;20.34;23
2026-05-21T08:02:24.000;2026-05-21T01:02:24.000;14.65;-10.7;0.22;22.0;20.34;24
2026-05-21T08:12:39.000;2026-05-21T01:12:39.000;13.25;-10.49;0.22;21.97;20.34;25
2026-05-21T08:22:52.000;2026-05-21T01:22:52.000;12.33;-10.89;0.18;22.19;20.34;26
2026-05-21T08:33:06.000;2026-05-21T01:33:06.000;11.97;-11.01;0.25;21.86;20.34;27
2026-05-21T08:43:20.000;2026-05-21T01:43:20.000;12.07;-10.68;0.21;22.05;20.34;28
2026-05-21T08:53:37.000;2026-05-21T01:53:37.000;11.76;-10.99;0.21;22.04;20.34;29
2026-05-21T09:03:52.000;2026-05-21T02:03:52.000;11.2;-10.96;0.3;21.64;20.34;30
2026-05-21T09:14:07.000;2026-05-21T02:14:07.000;11.21;-11.08;0.27;21.78;20.34;31
2026-05-21T09:24:24.000;2026-05-21T02:24:24.000;11.13;-11.42;0.23;21.92;20.34;32
2026-05-21T09:34:38.000;2026-05-21T02:34:38.000;11.05;-10.95;0.29;21.67;20.34;33
2026-05-21T09:44:53.000;2026-05-21T02:44:53.000;10.78;-10.94;0.36;21.45;20.34;34
2026-05-21T09:55:08.000;2026-05-21T02:55:08.000;10.37;-10.78;0.42;21.29;20.34;35
2026-05-21T10:05:23.000;2026-05-21T03:05:23.000;10.34;-10.6;0.33;21.55;20.34;36
2026-05-21T10:15:37.000;2026-05-21T03:15:37.000;10.14;-10.73;0.34;21.52;20.34;37
2026-05-21T10:25:54.000;2026-05-21T03:25:54.000;9.91;-10.82;0.41;21.32;20.34;38
2026-05-21T10:36:11.000;2026-05-21T03:36:11.000;9.89;-11.07;0.33;21.55;20.34;39
2026-05-21T10:46:26.000;2026-05-21T03:46:26.000;10.25;-11.03;0.4;21.33;20.34;40
2026-05-21T10:56:43.000;2026-05-21T03:56:43.000;10.42;-11.11;0.35;21.49;20.34;41
2026-05-21T11:06:58.000;2026-05-21T04:06:58.000;10.52;-11.86;0.53;21.03;20.34;42
2026-05-21T11:17:12.000;2026-05-21T04:17:12.000;10.26;-11.89;0.8;20.58;20.34;43
2026-05-21T11:27:27.000;2026-05-21T04:27:27.000;9.86;-11.91;2.43;19.37;20.34;44
2026-05-21T11:43:04.000;2026-05-21T04:43:04.000;11.12;-12.43;21.2;17.02;20.34;45
2026-05-21T11:53:28.000;2026-05-21T04:53:28.000;10.83;-12.38;283.83;14.21;20.34;46
2026-05-21T12:03:43.000;2026-05-21T05:03:43.000;10.15;-11.81;3356.72;11.53;20.34;47
2026-05-22T02:39:04.000;2026-05-21T19:39:04.000;20.48;-9.66;3346.22;11.53;20.34;1
2026-05-22T02:49:19.000;2026-05-21T19:49:19.000;20.87;-10.52;300.23;14.15;20.34;2
2026-05-22T02:59:33.000;2026-05-21T19:59:33.000;20.64;-10.52;38.04;16.39;20.34;3
2026-05-22T03:09:50.000;2026-05-21T20:09:50.000;20.49;-10.0;7.82;18.11;20.34;4
2026-05-22T03:20:04.000;2026-05-21T20:20:04.000;20.51;-10.45;2.74;19.24;20.34;5
2026-05-22T03:30:20.000;2026-05-21T20:30:20.000;20.11;-10.48;1.81;19.69;20.34;6
2026-05-22T03:40:37.000;2026-05-21T20:40:37.000;19.81;-10.72;1.34;20.02;20.34;7
2026-05-22T03:50:53.000;2026-05-21T20:50:53.000;19.41;-10.48;1.12;20.21;20.34;8
2026-05-22T04:06:15.000;2026-05-21T21:06:15.000;19.96;-11.17;1.18;20.16;20.34;9
2026-05-22T04:16:36.000;2026-05-21T21:16:36.000;19.5;-10.99;0.98;20.36;20.34;10
2026-05-22T04:26:49.000;2026-05-21T21:26:49.000;19.31;-10.46;0.85;20.52;20.34;11
2026-05-22T04:37:04.000;2026-05-21T21:37:04.000;18.73;-10.99;0.82;20.56;20.34;12
2026-05-22T04:47:19.000;2026-05-21T21:47:19.000;18.64;-11.07;0.79;20.6;20.34;13
2026-05-22T04:57:35.000;2026-05-21T21:57:35.000;18.39;-10.88;0.75;20.65;20.34;14
2026-05-22T05:07:55.000;2026-05-21T22:07:55.000;18.22;-10.89;0.63;20.84;20.34;15
2026-05-22T05:18:10.000;2026-05-21T22:18:10.000;17.77;-11.29;0.66;20.79;20.34;16
2026-05-22T05:28:27.000;2026-05-21T22:28:27.000;17.53;-10.72;0.52;21.04;20.34;17
2026-05-22T05:38:42.000;2026-05-21T22:38:42.000;17.33;-10.9;0.51;21.07;20.34;18
2026-05-22T05:48:57.000;2026-05-21T22:48:57.000;16.91;-11.16;0.42;21.27;20.34;19
2026-05-22T05:59:11.000;2026-05-21T22:59:11.000;15.59;-11.49;0.55;20.99;20.34;20
2026-05-22T06:09:25.000;2026-05-21T23:09:25.000;14.97;-11.44;0.47;21.17;20.34;21
2026-05-22T06:19:39.000;2026-05-21T23:19:39.000;14.15;-11.59;0.44;21.22;20.34;22
2026-05-22T06:29:53.000;2026-05-21T23:29:53.000;14.56;-11.6;0.42;21.28;20.34;23
2026-05-22T06:40:07.000;2026-05-21T23:40:07.000;14.43;-12.05;0.38;21.4;20.34;24
2026-05-22T06:50:23.000;2026-05-21T23:50:23.000;14.56;-12.05;0.36;21.45;20.34;25
2026-05-22T07:00:38.000;2026-05-22T00:00:38.000;13.63;-12.16;0.28;21.72;20.34;26
2026-05-22T07:10:54.000;2026-05-22T00:10:54.000;13.22;-12.49;0.32;21.59;20.34;27
2026-05-22T07:21:11.000;2026-05-22T00:21:11.000;12.75;-12.01;0.25;21.86;20.34;28
2026-05-22T07:31:29.000;2026-05-22T00:31:29.000;12.74;-12.57;0.25;21.83;20.34;29
2026-05-22T07:41:44.000;2026-05-22T00:41:44.000;12.59;-12.54;0.2;22.07;20.34;30
2026-05-22T07:52:00.000;2026-05-22T00:52:00.000;12.28;-12.8;0.28;21.71;20.34;31
2026-05-22T08:02:16.000;2026-05-22T01:02:16.000;12.12;-13.09;0.21;22.06;20.34;32
2026-05-22T08:12:30.000;2026-05-22T01:12:30.000;12.15;-12.91;0.28;21.74;20.34;33
2026-05-22T08:22:44.000;2026-05-22T01:22:44.000;11.88;-12.0;0.29;21.68;20.34;34
2026-05-22T08:33:00.000;2026-05-22T01:33:00.000;11.95;-12.22;0.19;22.16;20.34;35
2026-05-22T08:43:14.000;2026-05-22T01:43:14.000;11.46;-12.05;0.21;22.01;20.34;36
2026-05-22T08:53:29.000;2026-05-22T01:53:29.000;11.38;-12.31;0.29;21.69;20.34;37
2026-05-22T09:03:44.000;2026-05-22T02:03:44.000;11.33;-12.82;0.24;21.88;20.34;38
2026-05-22T09:13:59.000;2026-05-22T02:13:59.000;11.4;-12.77;0.27;21.76;20.34;39
2026-05-22T09:24:13.000;2026-05-22T02:24:13.000;11.73;-12.33;0.26;21.81;20.34;40
2026-05-22T09:34:28.000;2026-05-22T02:34:28.000;11.84;-12.46;0.29;21.7;20.34;41
2026-05-22T09:44:43.000;2026-05-22T02:44:43.000;12.1;-12.82;0.29;21.67;20.34;42
2026-05-22T09:54:58.000;2026-05-22T02:54:58.000;12.12;-12.74;0.36;21.46;20.34;43
2026-05-22T10:10:16.000;2026-05-22T03:10:16.000;13.41;-13.24;0.53;21.04;20.34;44
2026-05-22T10:20:39.000;2026-05-22T03:20:39.000;14.31;-12.65;0.39;21.37;20.34;45
2026-05-22T10:30:53.000;2026-05-22T03:30:53.000;13.84;-12.92;0.38;21.4;20.34;46
2026-05-22T10:41:08.000;2026-05-22T03:41:08.000;12.79;-13.0;0.39;21.36;20.34;47
2026-05-22T10:51:22.000;2026-05-22T03:51:22.000;12.39;-12.68;0.33;21.53;20.34;48
2026-05-22T11:01:37.000;2026-05-22T04:01:37.000;12.9;-11.52;0.43;21.27;20.34;49
2026-05-22T11:11:52.000;2026-05-22T04:11:52.000;13.11;-12.24;0.64;20.82;20.34;50
2026-05-22T11:22:07.000;2026-05-22T04:22:07.000;12.28;-12.35;1.34;20.03;20.34;51
2026-05-22T11:32:21.000;2026-05-22T04:32:21.000;11.56;-11.91;6.17;18.36;20.34;52
2026-05-22T11:42:35.000;2026-05-22T04:42:35.000;11.75;-12.03;36.51;16.43;20.34;53
2026-05-22T11:52:49.000;2026-05-22T04:52:49.000;10.99;-12.49;311.54;14.11;20.34;54
2026-05-22T12:03:04.000;2026-05-22T05:03:04.000;10.82;-11.75;3359.52;11.52;20.34;55
2026-05-23T02:39:15.000;2026-05-22T19:39:15.000;19.94;-9.02;4187.91;11.29;20.34;1
2026-05-23T02:59:52.000;2026-05-22T19:59:52.000;19.83;-9.66;40.7;16.32;20.34;3
2026-05-23T03:26:10.000;2026-05-22T20:26:10.000;19.45;-10.27;2.81;19.22;20.34;5
2026-05-23T03:46:52.000;2026-05-22T20:46:52.000;20.34;-10.54;2.71;19.26;20.34;6
2026-05-23T04:27:35.000;2026-05-22T21:27:35.000;22.36;-11.06;2.3;19.44;20.34;7
2026-05-23T04:37:59.000;2026-05-22T21:37:59.000;20.61;-9.52;1.23;20.11;20.34;8
2026-05-23T04:48:12.000;2026-05-22T21:48:12.000;19.44;-8.62;1.31;20.05;20.34;9
2026-05-23T04:58:30.000;2026-05-22T21:58:30.000;18.79;-8.36;1.1;20.24;20.34;10
2026-05-23T05:08:50.000;2026-05-22T22:08:50.000;18.19;-7.9;1.08;20.26;20.34;11
2026-05-23T05:19:04.000;2026-05-22T22:19:04.000;17.57;-7.88;1.15;20.19;20.34;12
2026-05-23T05:29:21.000;2026-05-22T22:29:21.000;16.85;-8.0;0.99;20.35;20.34;13
2026-05-23T05:39:48.000;2026-05-22T22:39:48.000;16.44;-7.58;0.93;20.42;20.34;14
2026-05-23T05:55:24.000;2026-05-22T22:55:24.000;17.91;-7.87;0.8;20.58;20.34;15
2026-05-23T06:16:16.000;2026-05-22T23:16:16.000;16.61;-8.07;0.6;20.89;20.34;17
2026-05-23T06:26:37.000;2026-05-22T23:26:37.000;15.74;-7.84;0.59;20.92;20.34;18
2026-05-23T06:47:17.000;2026-05-22T23:47:17.000;14.7;-8.03;0.49;21.12;20.34;20
2026-05-23T07:13:17.000;2026-05-23T00:13:17.000;15.3;-7.94;0.44;21.22;20.34;22
2026-05-23T07:23:33.000;2026-05-23T00:23:33.000;14.08;-8.21;0.37;21.43;20.34;23
2026-05-23T07:44:10.000;2026-05-23T00:44:10.000;13.39;-7.92;0.29;21.67;20.34;25
2026-05-23T07:54:24.000;2026-05-23T00:54:24.000;13.45;-8.1;0.34;21.52;20.34;26
2026-05-23T08:04:42.000;2026-05-23T01:04:42.000;13.36;-7.66;0.22;21.96;20.34;27
2026-05-23T08:20:18.000;2026-05-23T01:20:18.000;14.31;-8.36;0.43;21.26;20.34;28
2026-05-23T08:30:40.000;2026-05-23T01:30:40.000;14.57;-8.71;0.22;21.99;20.34;29
2026-05-23T08:40:59.000;2026-05-23T01:40:59.000;13.47;-8.54;0.19;22.13;20.34;30
2026-05-23T08:51:13.000;2026-05-23T01:51:13.000;12.62;-8.36;0.22;22.0;20.34;31
2026-05-23T09:01:28.000;2026-05-23T02:01:28.000;12.19;-8.41;0.24;21.87;20.34;32
2026-05-23T09:11:45.000;2026-05-23T02:11:45.000;12.27;-8.46;0.2;22.07;20.34;33
2026-05-23T09:21:59.000;2026-05-23T02:21:59.000;11.73;-8.58;0.28;21.7;20.34;34
2026-05-23T09:32:15.000;2026-05-23T02:32:15.000;12.62;-8.17;0.3;21.66;20.34;35
2026-05-23T09:42:30.000;2026-05-23T02:42:30.000;12.59;-7.62;0.31;21.61;20.34;36
2026-05-23T09:52:45.000;2026-05-23T02:52:45.000;13.09;-8.33;0.42;21.29;20.34;37
2026-05-23T10:03:01.000;2026-05-23T03:03:01.000;12.48;-8.32;0.39;21.36;20.34;38
2026-05-23T10:13:17.000;2026-05-23T03:13:17.000;12.03;-8.71;0.38;21.38;20.34;39
2026-05-23T10:23:32.000;2026-05-23T03:23:32.000;11.67;-8.32;0.33;21.55;20.34;40
2026-05-23T10:33:49.000;2026-05-23T03:33:49.000;11.49;-8.78;0.41;21.3;20.34;41
2026-05-23T10:44:03.000;2026-05-23T03:44:03.000;11.62;-8.66;0.4;21.32;20.34;42
2026-05-23T11:04:38.000;2026-05-23T04:04:38.000;11.5;-8.84;0.48;21.15;20.34;44
2026-05-23T11:14:53.000;2026-05-23T04:14:53.000;11.24;-8.48;0.77;20.62;20.34;45
2026-05-23T11:25:08.000;2026-05-23T04:25:08.000;11.29;-8.52;2.34;19.42;20.34;46
2026-05-23T11:35:32.000;2026-05-23T04:35:32.000;11.57;-8.13;11.15;17.72;20.34;47
2026-05-23T11:56:16.000;2026-05-23T04:56:16.000;13.24;-8.08;800.67;13.08;20.34;49
2026-05-24T06:15:47.000;2026-05-23T23:15:47.000;19.24;-6.3;1.15;20.19;20.34;8
2026-05-24T07:38:03.000;2026-05-24T00:38:03.000;18.2;-6.32;0.52;21.05;20.34;11
2026-05-24T08:19:30.000;2026-05-24T01:19:30.000;17.78;-6.73;0.53;21.03;20.34;13
2026-05-24T08:29:54.000;2026-05-24T01:29:54.000;16.35;-6.71;0.2;22.08;20.34;14
2026-05-24T08:40:09.000;2026-05-24T01:40:09.000;15.31;-6.67;0.21;22.03;20.34;15
2026-05-24T08:50:23.000;2026-05-24T01:50:23.000;15.11;-6.9;0.28;21.73;20.34;16
2026-05-24T09:00:36.000;2026-05-24T02:00:36.000;14.91;-7.13;0.19;22.16;20.34;17
2026-05-24T09:10:51.000;2026-05-24T02:10:51.000;14.18;-7.44;0.3;21.63;20.34;18
2026-05-24T09:21:04.000;2026-05-24T02:21:04.000;14.04;-6.96;0.25;21.86;20.34;19
2026-05-24T09:31:19.000;2026-05-24T02:31:19.000;14.04;-7.41;0.28;21.73;20.34;20
2026-05-24T09:41:33.000;2026-05-24T02:41:33.000;13.15;-7.6;0.26;21.78;20.34;21
2026-05-24T09:51:47.000;2026-05-24T02:51:47.000;12.88;-8.0;0.34;21.51;20.34;22
2026-05-24T10:02:02.000;2026-05-24T03:02:02.000;12.71;-7.34;0.28;21.73;20.34;23
2026-05-24T10:12:17.000;2026-05-24T03:12:17.000;12.53;-7.34;0.31;21.62;20.34;24
2026-05-24T10:22:31.000;2026-05-24T03:22:31.000;12.4;-7.3;0.35;21.48;20.34;25
2026-05-24T10:32:46.000;2026-05-24T03:32:46.000;12.96;-7.3;0.36;21.44;20.34;26
2026-05-24T10:43:01.000;2026-05-24T03:43:01.000;12.63;-7.47;0.37;21.42;20.34;27
2026-05-24T10:53:16.000;2026-05-24T03:53:16.000;12.35;-7.28;0.39;21.35;20.34;28
2026-05-24T11:03:30.000;2026-05-24T04:03:30.000;12.13;-7.35;0.43;21.25;20.34;29
2026-05-24T11:13:46.000;2026-05-24T04:13:46.000;12.13;-7.33;0.7;20.72;20.34;30
2026-05-24T11:29:19.000;2026-05-24T04:29:19.000;12.99;-7.32;3.55;18.97;20.34;31
2026-05-24T11:39:41.000;2026-05-24T04:39:41.000;13.75;-7.35;24.26;16.88;20.34;32
2026-05-24T11:49:58.000;2026-05-24T04:49:58.000;13.0;-6.77;194.87;14.62;20.34;33
2026-05-24T12:00:13.000;2026-05-24T05:00:13.000;12.93;-6.41;2102.0;12.03;20.34;34
2026-05-25T02:40:00.000;2026-05-24T19:40:00.000;21.68;5.57;5547.74;10.98;20.34;1
2026-05-25T03:00:39.000;2026-05-24T20:00:39.000;23.05;-2.18;174.05;14.74;20.34;2
2026-05-25T03:21:46.000;2026-05-24T20:21:46.000;21.52;1.88;5.99;18.4;20.34;4
2026-05-25T03:32:07.000;2026-05-24T20:32:07.000;21.14;1.73;8.37;18.03;20.34;5
2026-05-25T03:47:45.000;2026-05-24T20:47:45.000;21.65;-2.75;5.32;18.52;20.34;6
2026-05-25T04:19:20.000;2026-05-24T21:19:20.000;20.5;-3.13;4.93;18.61;20.34;8
2026-05-25T04:29:39.000;2026-05-24T21:29:39.000;19.25;-3.33;3.97;18.84;20.34;9
2026-05-25T04:39:56.000;2026-05-24T21:39:56.000;17.79;-3.11;4.13;18.8;20.34;10
2026-05-25T04:55:38.000;2026-05-24T21:55:38.000;18.09;-3.19;4.26;18.77;20.34;11
2026-05-25T05:06:03.000;2026-05-24T22:06:03.000;18.27;-3.42;3.54;18.97;20.34;12
2026-05-25T05:16:30.000;2026-05-24T22:16:30.000;18.13;-1.45;1.98;19.6;20.34;13
2026-05-25T05:26:47.000;2026-05-24T22:26:47.000;17.51;-1.76;2.62;19.29;20.34;14
2026-05-25T05:47:26.000;2026-05-24T22:47:26.000;19.03;-1.09;4.26;18.77;20.34;15
2026-05-25T05:57:49.000;2026-05-24T22:57:49.000;18.33;-3.53;1.66;19.79;20.34;16
2026-05-25T06:49:28.000;2026-05-24T23:49:28.000;19.27;-1.5;2.23;19.47;20.34;2
2026-05-25T06:59:46.000;2026-05-24T23:59:46.000;18.04;-5.29;0.91;20.44;20.34;3
2026-05-25T07:10:02.000;2026-05-25T00:10:02.000;16.89;-4.1;0.93;20.42;20.34;4
2026-05-25T07:20:16.000;2026-05-25T00:20:16.000;15.98;-4.71;0.94;20.41;20.34;5
2026-05-25T07:51:13.000;2026-05-25T00:51:13.000;17.29;-3.45;1.09;20.24;20.34;7
2026-05-25T08:01:30.000;2026-05-25T01:01:30.000;15.98;-3.95;1.07;20.27;20.34;8
2026-05-25T08:11:49.000;2026-05-25T01:11:49.000;15.1;-7.39;0.68;20.76;20.34;9
2026-05-25T08:27:10.000;2026-05-25T01:27:10.000;15.29;-9.28;0.73;20.68;20.34;10
2026-05-25T08:37:30.000;2026-05-25T01:37:30.000;15.1;-9.26;0.42;21.28;20.34;11
2026-05-25T08:47:45.000;2026-05-25T01:47:45.000;14.42;-8.94;0.37;21.42;20.34;12
2026-05-25T08:58:01.000;2026-05-25T01:58:01.000;13.5;-9.51;0.27;21.76;20.34;13
2026-05-25T09:08:19.000;2026-05-25T02:08:19.000;13.34;-9.4;0.32;21.57;20.34;14
2026-05-25T09:18:35.000;2026-05-25T02:18:35.000;13.02;-10.6;0.32;21.59;20.34;15
2026-05-25T09:28:52.000;2026-05-25T02:28:52.000;12.33;-10.21;0.23;21.94;20.34;16
2026-05-25T09:39:08.000;2026-05-25T02:39:08.000;12.93;-10.79;0.23;21.92;20.34;17
2026-05-25T09:49:26.000;2026-05-25T02:49:26.000;12.49;-11.19;0.32;21.58;20.34;18
2026-05-25T09:59:40.000;2026-05-25T02:59:40.000;12.35;-11.7;0.33;21.53;20.34;19
2026-05-25T10:09:57.000;2026-05-25T03:09:57.000;12.32;-11.63;0.31;21.63;20.34;20
2026-05-25T10:20:11.000;2026-05-25T03:20:11.000;11.8;-11.09;0.29;21.69;20.34;21
2026-05-25T10:30:26.000;2026-05-25T03:30:26.000;11.44;-10.62;0.37;21.42;20.34;22
2026-05-25T10:46:00.000;2026-05-25T03:46:00.000;12.48;-10.39;0.54;21.01;20.34;23
2026-05-25T10:56:21.000;2026-05-25T03:56:21.000;13.21;-10.19;0.34;21.5;20.34;24
2026-05-25T11:06:38.000;2026-05-25T04:06:38.000;12.11;-10.47;0.5;21.09;20.34;25
2026-05-25T11:16:53.000;2026-05-25T04:16:53.000;12.48;-9.88;0.84;20.53;20.34;26
2026-05-25T11:27:08.000;2026-05-25T04:27:08.000;12.16;-10.27;2.92;19.18;20.34;27
2026-05-25T11:37:22.000;2026-05-25T04:37:22.000;11.95;-10.01;14.29;17.45;20.34;28
2026-05-25T11:47:40.000;2026-05-25T04:47:40.000;11.71;-9.8;111.61;15.22;20.34;29
2026-05-25T11:57:55.000;2026-05-25T04:57:55.000;11.69;-10.01;1215.99;12.63;20.34;30
2026-05-26T02:41:36.000;2026-05-25T19:41:36.000;19.32;-7.88;3416.12;11.51;20.34;1
2026-05-26T02:51:50.000;2026-05-25T19:51:50.000;20.03;-7.89;305.95;14.13;20.34;2
2026-05-26T03:07:22.000;2026-05-25T20:07:22.000;20.17;-8.79;29.2;16.68;20.34;3
2026-05-26T03:17:42.000;2026-05-25T20:17:42.000;19.77;-8.3;7.19;18.2;20.34;4
2026-05-26T03:27:58.000;2026-05-25T20:27:58.000;18.98;-8.25;5.38;18.51;20.34;5
2026-05-26T03:38:13.000;2026-05-25T20:38:13.000;19.75;-6.75;4.94;18.6;20.34;6
2026-05-26T03:48:29.000;2026-05-25T20:48:29.000;20.74;-7.05;4.97;18.6;20.34;7
2026-05-26T03:58:44.000;2026-05-25T20:58:44.000;21.11;-7.13;4.81;18.63;20.34;8
2026-05-26T04:09:00.000;2026-05-25T21:09:00.000;21.27;-7.77;4.74;18.65;20.34;9
2026-05-26T04:19:15.000;2026-05-25T21:19:15.000;21.04;-7.78;4.74;18.65;20.34;10
2026-05-26T04:29:29.000;2026-05-25T21:29:29.000;20.62;-8.43;4.86;18.62;20.34;11
2026-05-26T04:39:43.000;2026-05-25T21:39:43.000;20.38;-8.27;4.96;18.6;20.34;12
2026-05-26T04:50:01.000;2026-05-25T21:50:01.000;20.11;-8.65;5.11;18.57;20.34;13
2026-05-26T05:00:16.000;2026-05-25T22:00:16.000;19.92;-8.45;4.85;18.63;20.34;14
2026-05-26T05:10:33.000;2026-05-25T22:10:33.000;19.94;-8.71;4.42;18.73;20.34;15
2026-05-26T05:20:50.000;2026-05-25T22:20:50.000;19.83;-8.57;3.94;18.85;20.34;16
2026-05-26T05:31:04.000;2026-05-25T22:31:04.000;19.3;-9.11;3.52;18.97;20.34;17
2026-05-26T05:41:20.000;2026-05-25T22:41:20.000;18.58;-8.73;3.04;19.13;20.34;18
2026-05-26T05:51:37.000;2026-05-25T22:51:37.000;18.6;-8.68;2.9;19.18;20.34;19
2026-05-26T06:01:52.000;2026-05-25T23:01:52.000;17.16;-9.25;2.75;19.24;20.34;20
2026-05-26T06:12:05.000;2026-05-25T23:12:05.000;16.83;-8.66;2.6;19.3;20.34;21
2026-05-26T06:22:20.000;2026-05-25T23:22:20.000;16.49;-9.94;2.48;19.36;20.34;22
2026-05-26T06:32:37.000;2026-05-25T23:32:37.000;15.03;-10.32;2.31;19.43;20.34;23
2026-05-26T06:42:50.000;2026-05-25T23:42:50.000;14.1;-10.87;2.21;19.48;20.34;24
2026-05-26T06:53:07.000;2026-05-25T23:53:07.000;14.11;-10.75;2.09;19.54;20.34;25
2026-05-26T07:03:21.000;2026-05-26T00:03:21.000;13.36;-11.3;1.93;19.62;20.34;26
2026-05-26T07:13:34.000;2026-05-26T00:13:34.000;13.61;-9.36;1.8;19.7;20.34;27
2026-05-26T07:23:48.000;2026-05-26T00:23:48.000;13.19;-11.61;1.66;19.79;20.34;28
2026-05-26T07:34:02.000;2026-05-26T00:34:02.000;13.19;-11.19;1.11;20.22;20.34;29
2026-05-26T07:44:16.000;2026-05-26T00:44:16.000;12.67;-12.0;0.94;20.41;20.34;30
2026-05-26T07:54:29.000;2026-05-26T00:54:29.000;12.4;-11.84;0.9;20.45;20.34;31
2026-05-26T08:04:43.000;2026-05-26T01:04:43.000;11.94;-12.28;0.87;20.49;20.34;32
2026-05-26T08:14:57.000;2026-05-26T01:14:57.000;12.33;-12.26;0.83;20.54;20.34;33
2026-05-26T08:25:11.000;2026-05-26T01:25:11.000;11.83;-11.67;0.78;20.61;20.34;34
2026-05-26T08:35:26.000;2026-05-26T01:35:26.000;11.62;-12.59;0.76;20.64;20.34;35
2026-05-26T08:45:40.000;2026-05-26T01:45:40.000;11.65;-12.46;0.62;20.86;20.34;36
2026-05-26T08:55:55.000;2026-05-26T01:55:55.000;12.12;-11.77;0.65;20.82;20.34;37
2026-05-26T09:06:09.000;2026-05-26T02:06:09.000;11.61;-12.21;0.56;20.96;20.34;38
2026-05-26T09:16:24.000;2026-05-26T02:16:24.000;11.02;-12.27;0.42;21.29;20.34;39
2026-05-26T09:26:38.000;2026-05-26T02:26:38.000;10.59;-12.13;0.38;21.4;20.34;40
2026-05-26T09:36:52.000;2026-05-26T02:36:52.000;10.53;-12.87;0.28;21.73;20.34;41
2026-05-26T09:47:07.000;2026-05-26T02:47:07.000;10.48;-13.16;0.36;21.45;20.34;42
2026-05-26T09:57:21.000;2026-05-26T02:57:21.000;10.23;-13.11;0.29;21.68;20.34;43
2026-05-26T10:07:36.000;2026-05-26T03:07:36.000;10.53;-12.92;0.36;21.46;20.34;44
2026-05-26T10:17:51.000;2026-05-26T03:17:51.000;10.82;-13.07;0.38;21.39;20.34;45
2026-05-26T10:33:23.000;2026-05-26T03:33:23.000;12.33;-13.4;0.55;21.0;20.34;46
2026-05-26T10:43:44.000;2026-05-26T03:43:44.000;12.29;-13.61;0.38;21.4;20.34;47
2026-05-26T10:53:57.000;2026-05-26T03:53:57.000;11.23;-13.54;0.39;21.35;20.34;48
2026-05-26T11:04:12.000;2026-05-26T04:04:12.000;10.66;-13.69;0.46;21.19;20.34;49
2026-05-26T11:14:25.000;2026-05-26T04:14:25.000;10.1;-13.7;0.78;20.61;20.34;50
2026-05-26T11:24:39.000;2026-05-26T04:24:39.000;10.78;-13.74;2.47;19.36;20.34;51
2026-05-26T11:34:54.000;2026-05-26T04:34:54.000;11.5;-13.75;10.8;17.76;20.34;52
2026-05-26T11:45:08.000;2026-05-26T04:45:08.000;12.11;-14.21;71.67;15.7;20.34;53
2026-05-26T11:55:24.000;2026-05-26T04:55:24.000;12.54;-13.35;745.46;13.16;20.34;54
2026-05-27T02:40:00.000;2026-05-26T19:40:00.000;20.67;-6.18;5153.08;11.06;20.34;1
2026-05-27T03:06:03.000;2026-05-26T20:06:03.000;21.61;-8.88;21.82;16.99;20.34;3
2026-05-27T03:16:20.000;2026-05-26T20:16:20.000;20.42;-7.23;8.2;18.06;20.34;4
2026-05-27T03:26:35.000;2026-05-26T20:26:35.000;20.21;-7.89;5.96;18.4;20.34;5
2026-05-27T03:36:48.000;2026-05-26T20:36:48.000;20.06;-8.43;5.63;18.46;20.34;6
2026-05-27T03:47:04.000;2026-05-26T20:47:04.000;20.2;-7.75;5.57;18.47;20.34;7
2026-05-27T03:57:20.000;2026-05-26T20:57:20.000;19.63;-8.44;5.71;18.45;20.34;8
2026-05-27T04:07:34.000;2026-05-26T21:07:34.000;19.11;-9.28;5.86;18.42;20.34;9
2026-05-27T04:17:54.000;2026-05-26T21:17:54.000;18.45;-9.77;5.69;18.45;20.34;10
2026-05-27T04:28:08.000;2026-05-26T21:28:08.000;18.78;-9.69;5.55;18.48;20.34;11
2026-05-27T04:38:24.000;2026-05-26T21:38:24.000;18.42;-10.29;5.71;18.45;20.34;12
2026-05-27T04:48:42.000;2026-05-26T21:48:42.000;18.36;-9.96;5.64;18.46;20.34;13
2026-05-27T04:58:58.000;2026-05-26T21:58:58.000;17.96;-10.22;5.52;18.49;20.34;14
2026-05-27T05:25:08.000;2026-05-26T22:25:08.000;17.94;-10.51;4.78;18.64;20.34;16
2026-05-27T05:35:30.000;2026-05-26T22:35:30.000;17.61;-10.49;4.29;18.76;20.34;17
2026-05-27T06:01:08.000;2026-05-26T23:01:08.000;19.94;-11.64;4.24;18.77;20.34;18
2026-05-27T06:32:20.000;2026-05-26T23:32:20.000;19.6;-11.34;3.61;18.95;20.34;20
2026-05-27T06:42:41.000;2026-05-26T23:42:41.000;19.29;-10.76;3.06;19.13;20.34;21
2026-05-27T07:03:08.000;2026-05-27T00:03:08.000;17.17;-12.08;2.74;19.24;20.34;23
2026-05-27T07:13:29.000;2026-05-27T00:13:29.000;16.58;-12.45;2.62;19.29;20.34;24
2026-05-27T07:23:47.000;2026-05-27T00:23:47.000;16.26;-12.2;2.44;19.37;20.34;25
2026-05-27T07:34:09.000;2026-05-27T00:34:09.000;16.27;-11.94;2.29;19.44;20.34;26
2026-05-27T07:44:27.000;2026-05-27T00:44:27.000;16.09;-12.26;2.17;19.5;20.34;27
2026-05-27T08:00:01.000;2026-05-27T01:00:01.000;16.85;-12.84;2.19;19.49;20.34;28
2026-05-27T08:10:21.000;2026-05-27T01:10:21.000;16.36;-12.87;1.68;19.77;20.34;29
2026-05-27T08:20:37.000;2026-05-27T01:20:37.000;15.61;-12.55;1.65;19.8;20.34;30
2026-05-27T08:46:32.000;2026-05-27T01:46:32.000;16.59;-12.21;1.01;20.33;20.34;32
2026-05-27T08:56:45.000;2026-05-27T01:56:45.000;16.03;-12.76;1.09;20.24;20.34;33
2026-05-27T09:07:01.000;2026-05-27T02:07:01.000;16.08;-13.09;0.88;20.48;20.34;34
2026-05-27T09:17:16.000;2026-05-27T02:17:16.000;16.29;-13.59;0.83;20.54;20.34;35
2026-05-27T09:27:31.000;2026-05-27T02:27:31.000;16.38;-13.86;0.74;20.66;20.34;36
2026-05-27T09:37:48.000;2026-05-27T02:37:48.000;16.15;-14.68;0.62;20.86;20.34;37
2026-05-27T09:48:05.000;2026-05-27T02:48:05.000;15.75;-14.62;0.36;21.44;20.34;38
2026-05-27T09:58:22.000;2026-05-27T02:58:22.000;15.65;-15.58;0.38;21.39;20.34;39
2026-05-27T10:08:38.000;2026-05-27T03:08:38.000;15.02;-14.79;0.38;21.38;20.34;40
2026-05-27T10:18:52.000;2026-05-27T03:18:52.000;14.89;-16.08;0.31;21.6;20.34;41
2026-05-27T10:29:06.000;2026-05-27T03:29:06.000;14.27;-16.06;0.45;21.21;20.34;42
2026-05-27T10:39:20.000;2026-05-27T03:39:20.000;14.09;-16.07;0.41;21.3;20.34;43
2026-05-27T10:49:35.000;2026-05-27T03:49:35.000;13.73;-16.19;0.33;21.54;20.34;44
2026-05-27T10:59:49.000;2026-05-27T03:59:49.000;13.85;-17.12;0.44;21.23;20.34;45
2026-05-27T11:10:05.000;2026-05-27T04:10:05.000;13.56;-17.02;0.53;21.03;20.34;46
2026-05-27T11:20:20.000;2026-05-27T04:20:20.000;13.56;-17.66;1.54;19.87;20.34;47
2026-05-27T11:30:37.000;2026-05-27T04:30:37.000;13.12;-17.12;5.98;18.4;20.34;48
2026-05-27T11:40:51.000;2026-05-27T04:40:51.000;13.3;-17.13;33.33;16.53;20.34;49
2026-05-27T11:51:05.000;2026-05-27T04:51:05.000;13.38;-17.38;310.38;14.11;20.34;50
2026-05-27T12:01:20.000;2026-05-27T05:01:20.000;13.14;-17.74;3815.95;11.39;20.34;51
2026-05-28T02:57:40.000;2026-05-27T19:57:40.000;22.91;-6.4;308.33;14.12;20.34;2
2026-05-28T03:08:05.000;2026-05-27T20:08:05.000;22.84;-6.3;24.47;16.87;20.34;3
2026-05-28T03:18:28.000;2026-05-27T20:18:28.000;21.21;-5.81;8.93;17.96;20.34;4
2026-05-28T03:28:46.000;2026-05-27T20:28:46.000;20.88;-5.4;4.9;18.61;20.34;5
2026-05-28T03:39:00.000;2026-05-27T20:39:00.000;20.62;-5.73;5.45;18.5;20.34;6
2026-05-28T03:49:16.000;2026-05-27T20:49:16.000;20.39;-4.65;8.39;18.03;20.34;7
2026-05-28T03:59:30.000;2026-05-27T20:59:30.000;20.26;-6.55;5.24;18.54;20.34;8
2026-05-28T04:09:45.000;2026-05-27T21:09:45.000;19.51;-5.98;5.41;18.51;20.34;9
2026-05-28T04:20:00.000;2026-05-27T21:20:00.000;19.71;-5.68;9.18;17.93;20.34;10
2026-05-28T04:30:14.000;2026-05-27T21:30:14.000;19.34;-4.85;10.76;17.76;20.34;11
2026-05-28T04:40:29.000;2026-05-27T21:40:29.000;19.35;-5.43;8.65;18.0;20.34;12
2026-05-28T04:50:46.000;2026-05-27T21:50:46.000;19.07;-5.74;6.57;18.3;20.34;13
2026-05-28T05:01:01.000;2026-05-27T22:01:01.000;19.04;-4.39;10.56;17.78;20.34;14
2026-05-28T05:11:17.000;2026-05-27T22:11:17.000;18.88;-4.75;8.65;18.0;20.34;15
2026-05-28T05:21:31.000;2026-05-27T22:21:31.000;19.28;-4.54;9.0;17.95;20.34;16
2026-05-28T05:31:49.000;2026-05-27T22:31:49.000;19.49;-3.18;10.32;17.81;20.34;17
2026-05-28T05:42:06.000;2026-05-27T22:42:06.000;19.45;-3.63;10.72;17.76;20.34;18
2026-05-28T05:57:39.000;2026-05-27T22:57:39.000;20.54;-3.68;13.99;17.48;20.34;19
2026-05-28T06:07:59.000;2026-05-27T23:07:59.000;20.06;-3.15;12.5;17.6;20.34;20
2026-05-28T06:28:26.000;2026-05-27T23:28:26.000;18.9;-4.39;8.59;18.01;20.34;22
2026-05-28T06:38:41.000;2026-05-27T23:38:41.000;18.54;-6.7;5.19;18.55;20.34;23
2026-05-28T06:59:11.000;2026-05-27T23:59:11.000;17.47;-7.96;4.33;18.75;20.34;25
2026-05-28T07:09:25.000;2026-05-28T00:09:25.000;16.72;-8.49;3.84;18.88;20.34;26
2026-05-28T07:19:39.000;2026-05-28T00:19:39.000;16.39;-8.41;3.46;18.99;20.34;27
2026-05-28T07:29:54.000;2026-05-28T00:29:54.000;17.18;-5.77;5.05;18.58;20.34;28
2026-05-28T07:40:10.000;2026-05-28T00:40:10.000;17.23;-5.8;4.76;18.65;20.34;29
2026-05-28T07:50:25.000;2026-05-28T00:50:25.000;17.2;-6.11;4.55;18.69;20.34;30
2026-05-28T08:05:58.000;2026-05-28T01:05:58.000;18.01;-4.86;7.92;18.09;20.34;31
2026-05-28T08:16:18.000;2026-05-28T01:16:18.000;17.65;-4.65;6.51;18.31;20.34;32
2026-05-28T08:26:34.000;2026-05-28T01:26:34.000;16.42;-7.06;3.36;19.03;20.34;33
2026-05-28T08:36:51.000;2026-05-28T01:36:51.000;15.57;-4.19;6.03;18.39;20.34;34
2026-05-28T08:47:05.000;2026-05-28T01:47:05.000;15.46;-4.62;4.5;18.71;20.34;35
2026-05-28T08:57:21.000;2026-05-28T01:57:21.000;15.09;-5.43;4.02;18.83;20.34;36
2026-05-28T09:07:34.000;2026-05-28T02:07:34.000;14.51;-5.46;3.66;18.93;20.34;37
2026-05-28T09:17:49.000;2026-05-28T02:17:49.000;14.91;-5.04;4.38;18.74;20.34;38
2026-05-28T09:28:04.000;2026-05-28T02:28:04.000;15.05;-4.79;3.27;19.06;20.34;39
2026-05-28T09:38:19.000;2026-05-28T02:38:19.000;15.06;-6.6;1.87;19.66;20.34;40
2026-05-28T09:48:34.000;2026-05-28T02:48:34.000;15.42;-4.76;1.95;19.62;20.34;41
2026-05-28T09:58:50.000;2026-05-28T02:58:50.000;15.9;-4.41;1.45;19.94;20.34;42
2026-05-28T10:09:05.000;2026-05-28T03:09:05.000;16.26;-4.57;1.04;20.3;20.34;43
2026-05-28T10:19:22.000;2026-05-28T03:19:22.000;15.99;-3.84;0.84;20.53;20.34;44
2026-05-28T10:29:36.000;2026-05-28T03:29:36.000;16.44;-2.83;0.87;20.5;20.34;45
2026-05-28T10:39:51.000;2026-05-28T03:39:51.000;16.42;-5.61;0.7;20.73;20.34;46
2026-05-28T10:50:06.000;2026-05-28T03:50:06.000;16.02;-7.43;0.64;20.82;20.34;47
2026-05-28T11:00:21.000;2026-05-28T04:00:21.000;15.73;-3.49;1.1;20.23;20.34;48
2026-05-28T11:10:35.000;2026-05-28T04:10:35.000;15.54;-3.62;1.05;20.29;20.34;49
2026-05-28T11:20:50.000;2026-05-28T04:20:50.000;15.81;-2.66;2.3;19.44;20.34;50
2026-05-28T11:31:05.000;2026-05-28T04:31:05.000;15.41;-3.55;7.52;18.15;20.34;51
2026-05-28T11:41:20.000;2026-05-28T04:41:20.000;14.99;-3.99;47.48;16.15;20.34;52
2026-05-28T11:56:53.000;2026-05-28T04:56:53.000;15.66;-3.68;864.47;13.0;20.34;53
2026-05-29T03:19:07.000;2026-05-28T20:19:07.000;20.29;-10.26;6.74;18.27;20.34;2
2026-05-29T03:29:23.000;2026-05-28T20:29:23.000;19.07;-9.91;4.66;18.67;20.34;3
2026-05-29T03:50:02.000;2026-05-28T20:50:02.000;19.31;-8.57;4.4;18.73;20.34;5
2026-05-29T04:26:15.000;2026-05-28T21:26:15.000;20.34;-9.31;4.68;18.66;20.34;7
2026-05-29T04:46:47.000;2026-05-28T21:46:47.000;18.64;-9.31;4.85;18.62;20.34;9
2026-05-29T05:33:30.000;2026-05-28T22:33:30.000;17.55;-9.72;4.89;18.62;20.34;12
2026-05-29T06:09:09.000;2026-05-28T23:09:09.000;19.23;-10.85;5.47;18.49;20.34;13
2026-05-29T06:19:45.000;2026-05-28T23:19:45.000;17.5;-8.56;4.78;18.64;20.34;14
2026-05-29T06:30:00.000;2026-05-28T23:30:00.000;16.06;-9.37;4.72;18.66;20.34;15
2026-05-29T06:40:20.000;2026-05-28T23:40:20.000;15.31;-9.75;4.59;18.68;20.34;16
2026-05-29T06:50:37.000;2026-05-28T23:50:37.000;14.57;-8.03;4.56;18.69;20.34;17
2026-05-29T07:00:58.000;2026-05-29T00:00:58.000;15.75;-8.22;4.44;18.72;20.34;18
2026-05-29T07:16:35.000;2026-05-29T00:16:35.000;17.39;-8.92;4.73;18.65;20.34;19
2026-05-29T07:27:10.000;2026-05-29T00:27:10.000;16.78;-9.35;2.24;19.46;20.34;20
2026-05-29T07:47:48.000;2026-05-29T00:47:48.000;17.89;-9.14;2.27;19.45;20.34;21
2026-05-29T08:03:32.000;2026-05-29T01:03:32.000;18.15;-8.52;2.28;19.45;20.34;22
2026-05-29T08:13:54.000;2026-05-29T01:13:54.000;17.25;-8.62;3.27;19.05;20.34;23
2026-05-29T08:24:12.000;2026-05-29T01:24:12.000;16.09;-9.07;3.21;19.08;20.34;24
2026-05-29T08:55:26.000;2026-05-29T01:55:26.000;15.98;-10.66;2.83;19.21;20.34;26
2026-05-29T09:16:04.000;2026-05-29T02:16:04.000;12.89;-10.18;1.98;19.6;20.34;28
2026-05-29T09:26:17.000;2026-05-29T02:26:17.000;12.77;-9.54;1.72;19.75;20.34;29
2026-05-29T09:36:33.000;2026-05-29T02:36:33.000;12.85;-9.57;1.62;19.82;20.34;30
2026-05-29T10:02:26.000;2026-05-29T03:02:26.000;13.13;-10.86;1.45;19.94;20.34;32
2026-05-29T10:12:39.000;2026-05-29T03:12:39.000;12.34;-10.43;1.19;20.15;20.34;33
2026-05-29T10:22:53.000;2026-05-29T03:22:53.000;12.12;-10.3;1.04;20.3;20.34;34
2026-05-29T10:33:07.000;2026-05-29T03:33:07.000;12.1;-10.25;0.9;20.46;20.34;35
2026-05-29T10:43:21.000;2026-05-29T03:43:21.000;12.09;-9.98;0.75;20.65;20.34;36
2026-05-29T10:53:35.000;2026-05-29T03:53:35.000;12.35;-9.99;0.5;21.1;20.34;37
2026-05-29T11:03:50.000;2026-05-29T04:03:50.000;11.92;-10.63;0.55;20.99;20.34;38
2026-05-29T11:14:05.000;2026-05-29T04:14:05.000;11.96;-10.99;0.86;20.5;20.34;39
2026-05-29T11:24:21.000;2026-05-29T04:24:21.000;11.96;-10.64;3.04;19.13;20.34;40
2026-05-29T11:34:35.000;2026-05-29T04:34:35.000;11.57;-10.83;14.41;17.44;20.34;41
2026-05-29T11:44:50.000;2026-05-29T04:44:50.000;11.42;-10.86;101.73;15.32;20.34;42
2026-05-29T11:55:04.000;2026-05-29T04:55:04.000;11.11;-10.89;1065.03;12.77;20.34;43
2026-05-30T02:53:45.000;2026-05-29T19:53:45.000;19.1;-9.69;362.12;13.94;20.34;2
2026-05-30T03:04:00.000;2026-05-29T20:04:00.000;18.84;-9.81;46.03;16.18;20.34;3
2026-05-30T03:19:35.000;2026-05-29T20:19:35.000;18.69;-10.23;9.27;17.92;20.34;4
2026-05-30T03:35:20.000;2026-05-29T20:35:20.000;18.68;-10.46;4.65;18.67;20.34;5
2026-05-30T03:45:38.000;2026-05-29T20:45:38.000;17.82;-9.7;4.11;18.8;20.34;6
2026-05-30T03:55:55.000;2026-05-29T20:55:55.000;17.66;-9.48;4.24;18.77;20.34;7
2026-05-30T04:06:11.000;2026-05-29T21:06:11.000;17.68;-9.4;4.45;18.72;20.34;8
2026-05-30T04:16:25.000;2026-05-29T21:16:25.000;17.46;-9.22;4.64;18.67;20.34;9
2026-05-30T04:26:41.000;2026-05-29T21:26:41.000;17.48;-9.46;4.79;18.64;20.34;10
2026-05-30T04:52:30.000;2026-05-29T21:52:30.000;18.26;-10.16;5.72;18.45;20.34;12
2026-05-30T05:08:10.000;2026-05-29T22:08:10.000;18.86;-10.63;5.93;18.41;20.34;13
2026-05-30T05:23:48.000;2026-05-29T22:23:48.000;18.43;-11.08;6.12;18.37;20.34;14
2026-05-30T05:34:06.000;2026-05-29T22:34:06.000;17.43;-10.6;5.52;18.48;20.34;15
2026-05-30T05:44:20.000;2026-05-29T22:44:20.000;16.21;-10.69;5.65;18.46;20.34;16
2026-05-30T05:54:35.000;2026-05-29T22:54:35.000;15.56;-10.76;5.61;18.47;20.34;17
2026-05-30T06:04:48.000;2026-05-29T23:04:48.000;14.67;-10.87;5.62;18.46;20.34;18
2026-05-30T06:15:02.000;2026-05-29T23:15:02.000;13.85;-11.0;5.63;18.46;20.34;19
2026-05-30T06:25:17.000;2026-05-29T23:25:17.000;13.45;-11.41;5.62;18.47;20.34;20
2026-05-30T06:35:31.000;2026-05-29T23:35:31.000;13.03;-11.21;5.6;18.47;20.34;21
2026-05-30T06:45:45.000;2026-05-29T23:45:45.000;12.65;-11.26;5.63;18.46;20.34;22
2026-05-30T06:55:59.000;2026-05-29T23:55:59.000;12.17;-11.06;5.58;18.47;20.34;23
2026-05-30T07:06:12.000;2026-05-30T00:06:12.000;12.05;-11.0;5.43;18.5;20.34;24
2026-05-30T07:16:28.000;2026-05-30T00:16:28.000;12.2;-11.11;5.44;18.5;20.34;25
2026-05-30T07:26:42.000;2026-05-30T00:26:42.000;11.85;-11.56;5.28;18.53;20.34;26
2026-05-30T07:36:56.000;2026-05-30T00:36:56.000;11.44;-11.58;5.24;18.54;20.34;27
2026-05-30T07:47:10.000;2026-05-30T00:47:10.000;11.88;-11.48;5.02;18.59;20.34;28
2026-05-30T07:57:25.000;2026-05-30T00:57:25.000;11.93;-12.34;4.26;18.77;20.34;29
2026-05-30T08:07:40.000;2026-05-30T01:07:40.000;11.56;-12.72;2.64;19.28;20.34;30
2026-05-30T08:17:55.000;2026-05-30T01:17:55.000;11.45;-13.05;2.6;19.3;20.34;31
2026-05-30T08:28:09.000;2026-05-30T01:28:09.000;11.02;-12.68;2.57;19.32;20.34;32
2026-05-30T08:38:25.000;2026-05-30T01:38:25.000;10.35;-12.91;2.5;19.35;20.34;33
2026-05-30T08:48:40.000;2026-05-30T01:48:40.000;10.28;-13.1;2.45;19.37;20.34;34
2026-05-30T08:58:54.000;2026-05-30T01:58:54.000;10.06;-13.12;2.6;19.3;20.34;35
2026-05-30T09:09:08.000;2026-05-30T02:09:08.000;9.93;-12.6;2.39;19.39;20.34;36
2026-05-30T09:19:22.000;2026-05-30T02:19:22.000;9.76;-13.16;2.34;19.42;20.34;37
2026-05-30T09:29:36.000;2026-05-30T02:29:36.000;9.46;-12.8;2.42;19.38;20.34;38
2026-05-30T09:39:50.000;2026-05-30T02:39:50.000;9.92;-13.0;2.6;19.3;20.34;39
2026-05-30T09:50:05.000;2026-05-30T02:50:05.000;9.71;-12.91;2.64;19.29;20.34;40
2026-05-30T10:00:21.000;2026-05-30T03:00:21.000;9.85;-12.83;2.27;19.45;20.34;41
2026-05-30T10:10:36.000;2026-05-30T03:10:36.000;9.61;-13.04;2.06;19.55;20.34;42
2026-05-30T10:20:50.000;2026-05-30T03:20:50.000;9.07;-13.2;1.95;19.61;20.34;43
2026-05-30T10:31:04.000;2026-05-30T03:31:04.000;8.71;-12.82;1.87;19.66;20.34;44
2026-05-30T10:41:20.000;2026-05-30T03:41:20.000;8.61;-13.62;1.72;19.75;20.34;45
2026-05-30T10:51:34.000;2026-05-30T03:51:34.000;8.6;-13.68;1.57;19.85;20.34;46
2026-05-30T11:01:48.000;2026-05-30T04:01:48.000;8.11;-14.02;1.44;19.94;20.34;47
2026-05-30T11:12:02.000;2026-05-30T04:12:02.000;8.12;-14.15;1.56;19.86;20.34;48
2026-05-30T11:22:16.000;2026-05-30T04:22:16.000;8.05;-14.08;3.06;19.12;20.34;49
2026-05-30T11:32:30.000;2026-05-30T04:32:30.000;7.72;-14.17;13.2;17.54;20.34;50
2026-05-30T11:42:45.000;2026-05-30T04:42:45.000;7.57;-14.08;81.17;15.57;20.34;51
2026-05-30T11:53:00.000;2026-05-30T04:53:00.000;7.39;-14.53;793.17;13.09;20.34;52
2026-05-31T03:15:55.000;2026-05-30T20:15:55.000;22.48;-7.62;14.37;17.45;20.34;3
2026-05-31T03:26:16.000;2026-05-30T20:26:16.000;21.73;-7.69;3.87;18.87;20.34;4
2026-05-31T04:12:10.000;2026-05-30T21:12:10.000;23.35;-8.89;4.35;18.74;20.34;6
2026-05-31T04:32:55.000;2026-05-30T21:32:55.000;18.89;-8.04;4.59;18.69;20.34;8
2026-05-31T04:43:09.000;2026-05-30T21:43:09.000;17.84;-8.02;4.74;18.65;20.34;9
2026-05-31T04:53:25.000;2026-05-30T21:53:25.000;17.08;-8.27;5.03;18.59;20.34;10
2026-05-31T05:03:41.000;2026-05-30T22:03:41.000;16.7;-8.33;5.19;18.55;20.34;11
2026-05-31T05:19:14.000;2026-05-30T22:19:14.000;17.13;-8.85;6.05;18.39;20.34;12
2026-05-31T05:34:55.000;2026-05-30T22:34:55.000;17.48;-9.21;6.33;18.34;20.34;13
2026-05-31T05:45:14.000;2026-05-30T22:45:14.000;16.96;-8.95;5.81;18.43;20.34;14
2026-05-31T05:55:28.000;2026-05-30T22:55:28.000;15.94;-9.1;5.96;18.4;20.34;15
2026-05-31T06:05:41.000;2026-05-30T23:05:41.000;15.4;-9.08;6.17;18.36;20.34;16
2026-05-31T06:20:58.000;2026-05-30T23:20:58.000;15.46;-9.57;6.98;18.23;20.34;17
2026-05-31T06:31:19.000;2026-05-30T23:31:19.000;15.73;-9.49;6.37;18.33;20.34;18
2026-05-31T06:41:36.000;2026-05-30T23:41:36.000;14.39;-9.45;6.42;18.32;20.34;19
2026-05-31T06:51:50.000;2026-05-30T23:51:50.000;13.87;-9.51;6.46;18.32;20.34;20
2026-05-31T07:02:04.000;2026-05-31T00:02:04.000;13.84;-9.76;6.38;18.33;20.34;21
2026-05-31T07:12:21.000;2026-05-31T00:12:21.000;14.02;-9.57;6.36;18.33;20.34;22
2026-05-31T07:22:36.000;2026-05-31T00:22:36.000;13.76;-10.01;6.44;18.32;20.34;23
2026-05-31T07:32:52.000;2026-05-31T00:32:52.000;13.75;-10.06;6.4;18.32;20.34;24
2026-05-31T07:43:07.000;2026-05-31T00:43:07.000;14.23;-9.89;6.26;18.35;20.34;25
2026-05-31T07:53:24.000;2026-05-31T00:53:24.000;13.91;-10.2;6.25;18.35;20.34;26
2026-05-31T08:13:56.000;2026-05-31T01:13:56.000;15.78;-10.92;6.83;18.25;20.34;27
2026-05-31T08:24:22.000;2026-05-31T01:24:22.000;15.7;-10.82;5.94;18.41;20.34;28
2026-05-31T08:34:36.000;2026-05-31T01:34:36.000;13.57;-10.91;5.71;18.45;20.34;29
2026-05-31T08:50:07.000;2026-05-31T01:50:07.000;14.09;-10.84;5.83;18.43;20.34;30
2026-05-31T09:00:28.000;2026-05-31T02:00:28.000;14.5;-10.79;3.06;19.12;20.34;31
2026-05-31T09:15:44.000;2026-05-31T02:15:44.000;14.4;-10.98;3.34;19.03;20.34;32
2026-05-31T09:26:04.000;2026-05-31T02:26:04.000;14.23;-11.07;2.96;19.16;20.34;33
2026-05-31T09:36:18.000;2026-05-31T02:36:18.000;13.47;-10.76;2.91;19.18;20.34;34
2026-05-31T09:46:32.000;2026-05-31T02:46:32.000;12.62;-11.15;2.86;19.2;20.34;35
2026-05-31T09:56:47.000;2026-05-31T02:56:47.000;12.42;-10.87;2.79;19.23;20.34;36
2026-05-31T10:07:01.000;2026-05-31T03:07:01.000;12.13;-10.92;2.72;19.25;20.34;37
2026-05-31T10:17:15.000;2026-05-31T03:17:15.000;12.07;-11.13;2.63;19.29;20.34;38
2026-05-31T10:27:31.000;2026-05-31T03:27:31.000;11.93;-11.12;2.6;19.3;20.34;39
2026-05-31T10:37:46.000;2026-05-31T03:37:46.000;12.18;-11.2;2.73;19.25;20.34;40
2026-05-31T10:48:01.000;2026-05-31T03:48:01.000;12.66;-10.65;2.41;19.38;20.34;41
2026-05-31T10:58:15.000;2026-05-31T03:58:15.000;13.14;-11.19;2.29;19.44;20.34;42
2026-05-31T11:08:32.000;2026-05-31T04:08:32.000;12.98;-11.2;2.38;19.4;20.34;43
2026-05-31T11:18:47.000;2026-05-31T04:18:47.000;12.35;-11.35;3.52;18.97;20.34;44
2026-05-31T11:29:01.000;2026-05-31T04:29:01.000;11.75;-11.42;10.67;17.77;20.34;45
2026-05-31T11:39:16.000;2026-05-31T04:39:16.000;11.9;-11.28;53.86;16.01;20.34;46
2026-05-31T11:49:30.000;2026-05-31T04:49:30.000;12.12;-11.18;421.64;13.78;20.34;47
