# Definition of the community standard for skyglow observations 1.0
# URL: http://www.darksky.org/NSBM/sdf1.0.pdf
# Number of header lines: 35
# This data is released under the following license: ODbL 1.0 http://opendatacommons.org/licenses/odbl/summary/
# Device type: TESS-WDL
# Instrument ID: stars1414
# Data supplier: None / None
# Location name: Vatican Advanced Technology Telescope / Safford / Arizona / Arizona / United States 
# Position: 32.7013, -109.892, None
# Local timezone: America/Phoenix
# Time Synchronization: timestamp added by MQTT subscriber
# Moving / Stationary position: STATIONARY
# Moving / Fixed look direction: FIXED
# Number of channels: 1
# Filters per channel: None
# Measurement direction per channel: (0.0, 0.0)
# Field of view: 17.0
# Number of fields per line: 8
# TESS MAC address: D0:EF:76:11:23:98
# TESS firmware version: Oct 17 2024 v4.32
# TESS cover offset value: 0.0
# TESS zero point: 20.34
# Comment:  
# Comment:
# Comment:
# Comment:
# Comment:
# Comment: Current Zero Point in the header corresponds to the UV/IR-cut channel
# Comment: MSAS = ZP - 2.5*log10(Frequency)
# blank line 30
# blank line 31
# blank line 32
# UTC Date & Time, Local Date & Time, Enclosure Temperature, Sky Temperature, Freq1, MSAS1, ZP1, Freq2, MSAS2, ZP2, Freq3,  MSAS3, ZP3, Freq4, MSAS4, ZP4, Sequence Number
# YYYY-MM-DDTHH:mm:ss.fff;YYYY-MM-DDTHH:mm:ss.fff;Celsius;Celsius;Hz;mag/arcsec^2;mag/arcsec^2;Hz;mag/arcsec^2;mag/arcsec^2;Hz;mag/arcsec^2;mag/arcsec^2;Hz;mag/arcsec^2;mag/arcsec^2; Multiple of Tx period
# END OF HEADER
2026-07-01T02:53:36.000;2026-06-30T19:53:36.000;23.85;-2.61;5527.3;10.98;20.34;1
2026-07-01T03:03:53.000;2026-06-30T20:03:53.000;24.42;-3.26;466.57;13.67;20.34;2
2026-07-01T03:19:26.000;2026-06-30T20:19:26.000;24.94;-4.0;44.45;16.22;20.34;3
2026-07-01T03:29:48.000;2026-06-30T20:29:48.000;24.6;-3.8;5.01;18.59;20.34;4
2026-07-01T03:40:04.000;2026-06-30T20:40:04.000;23.97;-3.94;1.61;19.82;20.34;5
2026-07-01T03:50:18.000;2026-06-30T20:50:18.000;23.45;-4.07;1.0;20.34;20.34;6
2026-07-01T04:00:35.000;2026-06-30T21:00:35.000;22.82;-4.29;1.04;20.29;20.34;7
2026-07-01T04:10:49.000;2026-06-30T21:10:49.000;22.61;-3.81;1.21;20.13;20.34;8
2026-07-01T04:21:04.000;2026-06-30T21:21:04.000;22.87;-4.02;1.46;19.93;20.34;9
2026-07-01T04:31:24.000;2026-06-30T21:31:24.000;22.85;-3.55;1.58;19.84;20.34;10
2026-07-01T04:41:39.000;2026-06-30T21:41:39.000;23.53;-2.99;1.83;19.68;20.34;11
2026-07-01T04:51:57.000;2026-06-30T21:51:57.000;24.01;-4.29;2.05;19.56;20.34;12
2026-07-01T05:02:12.000;2026-06-30T22:02:12.000;24.34;-4.03;2.77;19.23;20.34;13
2026-07-01T05:12:27.000;2026-06-30T22:12:27.000;23.99;-4.9;2.95;19.16;20.34;14
2026-07-01T05:22:43.000;2026-06-30T22:22:43.000;23.12;-5.14;3.16;19.09;20.34;15
2026-07-01T05:33:02.000;2026-06-30T22:33:02.000;22.04;-6.08;3.34;19.03;20.34;16
2026-07-01T05:43:16.000;2026-06-30T22:43:16.000;20.84;-5.87;3.49;18.98;20.34;17
2026-07-01T05:53:31.000;2026-06-30T22:53:31.000;20.6;-5.96;3.66;18.93;20.34;18
2026-07-01T06:03:46.000;2026-06-30T23:03:46.000;20.26;-7.04;3.83;18.88;20.34;19
2026-07-01T06:14:03.000;2026-06-30T23:14:03.000;20.36;-6.32;4.08;18.81;20.34;20
2026-07-01T06:29:36.000;2026-06-30T23:29:36.000;21.83;-6.94;4.75;18.65;20.34;21
2026-07-01T06:39:59.000;2026-06-30T23:39:59.000;21.37;-6.76;4.39;18.73;20.34;22
2026-07-01T06:50:16.000;2026-06-30T23:50:16.000;21.37;-6.74;4.53;18.7;20.34;23
2026-07-01T07:00:31.000;2026-07-01T00:00:31.000;21.35;-6.66;4.65;18.67;20.34;24
2026-07-01T07:10:55.000;2026-07-01T00:10:55.000;21.58;-8.07;4.82;18.63;20.34;25
2026-07-01T07:21:13.000;2026-07-01T00:21:13.000;20.32;-7.82;4.9;18.61;20.34;26
2026-07-01T07:31:30.000;2026-07-01T00:31:30.000;20.31;-7.75;5.05;18.58;20.34;27
2026-07-01T07:41:45.000;2026-07-01T00:41:45.000;20.39;-7.64;5.06;18.58;20.34;28
2026-07-01T07:52:00.000;2026-07-01T00:52:00.000;19.94;-7.69;5.12;18.57;20.34;29
2026-07-01T08:02:15.000;2026-07-01T01:02:15.000;19.87;-8.12;5.16;18.56;20.34;30
2026-07-01T08:12:30.000;2026-07-01T01:12:30.000;19.14;-8.4;5.27;18.54;20.34;31
2026-07-01T08:28:02.000;2026-07-01T01:28:02.000;19.88;-8.68;5.83;18.42;20.34;32
2026-07-01T08:38:23.000;2026-07-01T01:38:23.000;20.19;-8.86;5.18;18.55;20.34;33
2026-07-01T08:48:37.000;2026-07-01T01:48:37.000;19.1;-8.72;5.23;18.54;20.34;34
2026-07-01T08:58:51.000;2026-07-01T01:58:51.000;18.89;-8.61;5.18;18.55;20.34;35
2026-07-01T09:09:08.000;2026-07-01T02:09:08.000;19.28;-8.69;5.09;18.57;20.34;36
2026-07-01T09:24:42.000;2026-07-01T02:24:42.000;19.99;-8.79;5.56;18.48;20.34;37
2026-07-01T09:35:02.000;2026-07-01T02:35:02.000;20.01;-8.38;4.87;18.62;20.34;38
2026-07-01T09:45:16.000;2026-07-01T02:45:16.000;19.15;-8.24;4.8;18.64;20.34;39
2026-07-01T09:55:30.000;2026-07-01T02:55:30.000;18.66;-8.58;4.66;18.67;20.34;40
2026-07-01T10:05:45.000;2026-07-01T03:05:45.000;18.46;-8.54;3.98;18.84;20.34;41
2026-07-01T10:16:00.000;2026-07-01T03:16:00.000;18.37;-8.17;2.29;19.44;20.34;42
2026-07-01T10:31:33.000;2026-07-01T03:31:33.000;19.02;-9.06;2.46;19.36;20.34;43
2026-07-01T10:41:53.000;2026-07-01T03:41:53.000;18.6;-8.41;2.17;19.5;20.34;44
2026-07-01T10:52:08.000;2026-07-01T03:52:08.000;17.39;-8.35;2.12;19.52;20.34;45
2026-07-01T11:02:23.000;2026-07-01T04:02:23.000;17.31;-8.13;2.16;19.51;20.34;46
2026-07-01T11:12:40.000;2026-07-01T04:12:40.000;16.86;-8.65;3.41;19.01;20.34;47
2026-07-01T11:22:54.000;2026-07-01T04:22:54.000;16.91;-8.9;4.23;18.77;20.34;48
2026-07-01T11:33:10.000;2026-07-01T04:33:10.000;16.79;-9.29;13.85;17.49;20.34;49
2026-07-01T11:43:24.000;2026-07-01T04:43:24.000;16.45;-9.46;72.13;15.69;20.34;50
2026-07-01T11:58:57.000;2026-07-01T04:58:57.000;17.24;-10.1;1364.11;12.5;20.34;51
2026-07-02T02:54:34.000;2026-07-01T19:54:34.000;22.22;-6.97;4667.28;11.17;20.34;1
2026-07-02T03:04:50.000;2026-07-01T20:04:50.000;22.73;-7.36;380.64;13.89;20.34;2
2026-07-02T03:15:08.000;2026-07-01T20:15:08.000;22.91;-6.74;48.92;16.12;20.34;3
2026-07-02T03:25:23.000;2026-07-01T20:25:23.000;23.38;-6.49;9.52;17.89;20.34;4
2026-07-02T03:35:42.000;2026-07-01T20:35:42.000;23.44;-6.65;2.09;19.54;20.34;5
2026-07-02T03:45:59.000;2026-07-01T20:45:59.000;23.14;-6.79;0.64;20.83;20.34;6
2026-07-02T03:56:17.000;2026-07-01T20:56:17.000;23.16;-6.8;0.42;21.29;20.34;7
2026-07-02T04:06:36.000;2026-07-01T21:06:36.000;22.39;-7.15;0.42;21.29;20.34;8
2026-07-02T04:16:57.000;2026-07-01T21:16:57.000;22.94;-6.67;0.47;21.16;20.34;9
2026-07-02T04:27:11.000;2026-07-01T21:27:11.000;22.6;-7.53;0.74;20.66;20.34;10
2026-07-02T04:37:26.000;2026-07-01T21:37:26.000;22.29;-7.89;0.82;20.55;20.34;11
2026-07-02T04:47:40.000;2026-07-01T21:47:40.000;22.42;-7.98;0.95;20.39;20.34;12
2026-07-02T04:57:54.000;2026-07-01T21:57:54.000;22.71;-8.18;1.06;20.28;20.34;13
2026-07-02T05:13:14.000;2026-07-01T22:13:14.000;22.52;-8.36;1.51;19.89;20.34;14
2026-07-02T05:23:35.000;2026-07-01T22:23:35.000;21.96;-8.26;1.59;19.83;20.34;15
2026-07-02T05:33:50.000;2026-07-01T22:33:50.000;20.41;-8.68;2.16;19.5;20.34;16
2026-07-02T05:44:08.000;2026-07-01T22:44:08.000;19.5;-8.62;2.42;19.38;20.34;17
2026-07-02T05:54:23.000;2026-07-01T22:54:23.000;20.04;-8.39;2.58;19.31;20.34;18
2026-07-02T06:19:56.000;2026-07-01T23:19:56.000;22.85;-9.3;3.16;19.09;20.34;19
2026-07-02T06:30:20.000;2026-07-01T23:30:20.000;20.57;-9.45;3.1;19.11;20.34;20
2026-07-02T06:40:36.000;2026-07-01T23:40:36.000;18.6;-9.57;3.26;19.06;20.34;21
2026-07-02T06:50:54.000;2026-07-01T23:50:54.000;17.96;-9.51;3.43;19.0;20.34;22
2026-07-02T07:01:09.000;2026-07-02T00:01:09.000;17.27;-9.8;3.65;18.93;20.34;23
2026-07-02T07:11:30.000;2026-07-02T00:11:30.000;16.25;-10.18;3.8;18.89;20.34;24
2026-07-02T07:31:48.000;2026-07-02T00:31:48.000;17.91;-11.05;4.39;18.73;20.34;25
2026-07-02T07:42:13.000;2026-07-02T00:42:13.000;17.68;-10.81;4.11;18.81;20.34;26
2026-07-02T07:52:27.000;2026-07-02T00:52:27.000;16.92;-10.85;4.21;18.78;20.34;27
2026-07-02T08:02:42.000;2026-07-02T01:02:42.000;16.31;-10.81;4.25;18.77;20.34;28
2026-07-02T08:12:56.000;2026-07-02T01:12:56.000;17.57;-10.23;4.35;18.74;20.34;29
2026-07-02T08:28:29.000;2026-07-02T01:28:29.000;17.35;-11.23;4.99;18.59;20.34;30
2026-07-02T08:38:49.000;2026-07-02T01:38:49.000;17.35;-11.17;4.58;18.69;20.34;31
2026-07-02T08:59:25.000;2026-07-02T01:59:25.000;18.91;-11.69;5.14;18.56;20.34;32
2026-07-02T09:09:48.000;2026-07-02T02:09:48.000;19.1;-11.28;4.55;18.7;20.34;33
2026-07-02T09:20:04.000;2026-07-02T02:20:04.000;17.32;-11.48;4.58;18.69;20.34;34
2026-07-02T09:30:19.000;2026-07-02T02:30:19.000;16.19;-11.91;4.49;18.71;20.34;35
2026-07-02T09:40:35.000;2026-07-02T02:40:35.000;15.24;-11.65;4.51;18.71;20.34;36
2026-07-02T09:50:49.000;2026-07-02T02:50:49.000;14.29;-12.01;4.39;18.73;20.34;37
2026-07-02T10:01:04.000;2026-07-02T03:01:04.000;14.08;-12.17;4.38;18.74;20.34;38
2026-07-02T10:11:18.000;2026-07-02T03:11:18.000;16.13;-11.21;4.26;18.77;20.34;39
2026-07-02T10:21:33.000;2026-07-02T03:21:33.000;16.29;-12.3;4.25;18.77;20.34;40
2026-07-02T10:31:48.000;2026-07-02T03:31:48.000;16.05;-11.83;4.16;18.79;20.34;41
2026-07-02T10:42:04.000;2026-07-02T03:42:04.000;16.43;-12.81;4.0;18.83;20.34;42
2026-07-02T10:52:21.000;2026-07-02T03:52:21.000;16.02;-12.02;3.9;18.86;20.34;43
2026-07-02T11:02:36.000;2026-07-02T04:02:36.000;16.49;-13.27;3.82;18.89;20.34;44
2026-07-02T11:12:51.000;2026-07-02T04:12:51.000;16.98;-13.06;2.63;19.29;20.34;45
2026-07-02T11:23:07.000;2026-07-02T04:23:07.000;16.75;-13.27;3.53;18.97;20.34;46
2026-07-02T11:33:21.000;2026-07-02T04:33:21.000;16.04;-14.94;11.58;17.68;20.34;47
2026-07-02T11:43:36.000;2026-07-02T04:43:36.000;14.17;-14.99;62.93;15.84;20.34;48
2026-07-02T11:53:50.000;2026-07-02T04:53:50.000;13.92;-14.82;546.33;13.5;20.34;49
2026-07-03T02:54:25.000;2026-07-02T19:54:25.000;25.55;-8.35;5051.29;11.08;20.34;1
2026-07-03T03:04:39.000;2026-07-02T20:04:39.000;25.67;-8.88;407.4;13.81;20.34;2
2026-07-03T03:14:54.000;2026-07-02T20:14:54.000;25.53;-8.56;53.04;16.03;20.34;3
2026-07-03T03:25:09.000;2026-07-02T20:25:09.000;25.89;-9.01;10.12;17.83;20.34;4
2026-07-03T03:35:23.000;2026-07-02T20:35:23.000;25.25;-8.98;2.26;19.45;20.34;5
2026-07-03T03:45:39.000;2026-07-02T20:45:39.000;25.13;-8.87;0.71;20.71;20.34;6
2026-07-03T03:55:53.000;2026-07-02T20:55:53.000;24.79;-9.24;0.41;21.31;20.34;7
2026-07-03T04:06:08.000;2026-07-02T21:06:08.000;23.95;-9.01;0.36;21.44;20.34;8
2026-07-03T04:16:24.000;2026-07-02T21:16:24.000;23.26;-9.56;0.34;21.52;20.34;9
2026-07-03T04:26:41.000;2026-07-02T21:26:41.000;22.03;-9.18;0.28;21.74;20.34;10
2026-07-03T04:42:15.000;2026-07-02T21:42:15.000;23.61;-9.81;0.58;20.92;20.34;11
2026-07-03T05:07:59.000;2026-07-02T22:07:59.000;21.22;-9.75;0.98;20.37;20.34;13
2026-07-03T05:18:18.000;2026-07-02T22:18:18.000;21.31;-9.79;0.9;20.45;20.34;14
2026-07-03T05:33:34.000;2026-07-02T22:33:34.000;21.37;-10.14;1.27;20.08;20.34;15
2026-07-03T05:43:58.000;2026-07-02T22:43:58.000;22.06;-10.41;1.54;19.87;20.34;16
2026-07-03T05:54:16.000;2026-07-02T22:54:16.000;21.48;-8.83;1.7;19.76;20.34;17
2026-07-03T06:04:32.000;2026-07-02T23:04:32.000;21.67;-9.22;1.37;20.0;20.34;18
2026-07-03T06:14:46.000;2026-07-02T23:14:46.000;21.14;-9.08;2.18;19.49;20.34;19
2026-07-03T06:25:00.000;2026-07-02T23:25:00.000;20.44;-9.67;2.3;19.44;20.34;20
2026-07-03T06:35:19.000;2026-07-02T23:35:19.000;19.66;-10.61;2.45;19.37;20.34;21
2026-07-04T02:54:59.000;2026-07-03T19:54:59.000;31.0;4.12;6937.93;10.74;20.34;1
2026-07-04T03:20:23.000;2026-07-03T20:20:23.000;32.54;3.42;137.75;14.99;20.34;2
2026-07-04T03:30:44.000;2026-07-03T20:30:44.000;30.74;2.21;4.1;18.81;20.34;3
2026-07-04T03:40:58.000;2026-07-03T20:40:58.000;29.63;0.01;0.91;20.44;20.34;4
2026-07-04T03:51:11.000;2026-07-03T20:51:11.000;28.57;-1.14;0.53;21.02;20.34;5
2026-07-04T04:01:25.000;2026-07-03T21:01:25.000;27.9;-1.29;0.36;21.46;20.34;6
2026-07-04T04:16:58.000;2026-07-03T21:16:58.000;28.52;-1.81;0.53;21.03;20.34;7
2026-07-04T04:27:19.000;2026-07-03T21:27:19.000;27.9;-1.53;0.48;21.15;20.34;8
2026-07-04T04:42:56.000;2026-07-03T21:42:56.000;27.88;-1.72;0.54;21.01;20.34;9
2026-07-04T04:53:28.000;2026-07-03T21:53:28.000;26.74;2.29;0.59;20.92;20.34;10
2026-07-04T05:14:06.000;2026-07-03T22:14:06.000;28.33;6.6;1.19;20.15;20.34;11
2026-07-04T05:24:28.000;2026-07-03T22:24:28.000;28.34;5.74;1.3;20.06;20.34;12
2026-07-04T05:34:42.000;2026-07-03T22:34:42.000;27.44;7.85;1.37;20.0;20.34;13
2026-07-04T05:44:59.000;2026-07-03T22:44:59.000;27.03;10.3;1.86;19.67;20.34;14
2026-07-04T05:55:14.000;2026-07-03T22:55:14.000;26.82;7.58;1.94;19.62;20.34;15
2026-07-04T06:05:28.000;2026-07-03T23:05:28.000;26.52;4.71;2.28;19.44;20.34;16
2026-07-04T06:15:52.000;2026-07-03T23:15:52.000;26.38;5.52;2.42;19.38;20.34;17
2026-07-04T06:26:09.000;2026-07-03T23:26:09.000;26.48;7.58;3.58;18.96;20.34;18
2026-07-04T06:57:06.000;2026-07-03T23:57:06.000;27.26;9.7;4.91;18.61;20.34;20
2026-07-04T07:12:38.000;2026-07-04T00:12:38.000;27.41;10.99;5.54;18.48;20.34;21
2026-07-04T07:23:01.000;2026-07-04T00:23:01.000;26.75;8.93;6.72;18.27;20.34;22
2026-07-04T07:33:15.000;2026-07-04T00:33:15.000;25.38;8.73;4.68;18.66;20.34;23
2026-07-04T07:43:29.000;2026-07-04T00:43:29.000;24.88;10.92;7.27;18.19;20.34;24
2026-07-04T07:53:44.000;2026-07-04T00:53:44.000;24.74;9.2;5.91;18.41;20.34;25
2026-07-04T08:03:59.000;2026-07-04T01:03:59.000;24.03;6.14;5.47;18.5;20.34;26
2026-07-04T08:29:35.000;2026-07-04T01:29:35.000;23.44;-1.73;4.9;18.61;20.34;28
2026-07-04T08:39:56.000;2026-07-04T01:39:56.000;22.56;-4.2;3.94;18.85;20.34;29
2026-07-04T08:50:09.000;2026-07-04T01:50:09.000;21.28;-2.73;6.24;18.35;20.34;30
2026-07-04T09:00:23.000;2026-07-04T02:00:23.000;20.64;-0.03;5.98;18.4;20.34;31
2026-07-04T09:10:39.000;2026-07-04T02:10:39.000;20.99;5.09;10.85;17.75;20.34;32
2026-07-04T09:20:55.000;2026-07-04T02:20:55.000;21.07;4.7;11.94;17.65;20.34;33
2026-07-04T09:31:10.000;2026-07-04T02:31:10.000;21.09;2.36;7.88;18.1;20.34;34
2026-07-04T09:41:26.000;2026-07-04T02:41:26.000;20.52;-0.49;6.31;18.34;20.34;35
2026-07-04T09:51:42.000;2026-07-04T02:51:42.000;20.81;6.95;12.39;17.61;20.34;36
2026-07-04T10:01:56.000;2026-07-04T03:01:56.000;21.18;8.74;15.69;17.35;20.34;37
2026-07-04T10:12:11.000;2026-07-04T03:12:11.000;21.37;4.42;10.1;17.83;20.34;38
2026-07-04T10:22:32.000;2026-07-04T03:22:32.000;21.13;4.43;12.91;17.56;20.34;39
2026-07-04T10:32:47.000;2026-07-04T03:32:47.000;20.75;-0.66;7.22;18.19;20.34;40
2026-07-04T10:43:02.000;2026-07-04T03:43:02.000;20.18;-1.0;9.63;17.88;20.34;41
2026-07-04T10:53:17.000;2026-07-04T03:53:17.000;19.71;-2.08;6.56;18.3;20.34;42
2026-07-04T11:03:32.000;2026-07-04T04:03:32.000;19.55;-3.61;5.39;18.51;20.34;43
2026-07-04T11:13:46.000;2026-07-04T04:13:46.000;19.71;-3.11;5.63;18.46;20.34;44
2026-07-04T11:34:19.000;2026-07-04T04:34:19.000;21.43;-2.81;12.22;17.62;20.34;45
2026-07-04T11:44:42.000;2026-07-04T04:44:42.000;21.5;-0.71;79.42;15.59;20.34;46
2026-07-04T12:00:15.000;2026-07-04T05:00:15.000;20.59;-3.38;1033.62;12.8;20.34;47
2026-07-05T04:18:54.000;2026-07-04T21:18:54.000;32.96;5.68;764.42;13.13;20.34;1
2026-07-05T04:29:20.000;2026-07-04T21:29:20.000;30.15;13.1;0.99;20.36;20.34;2
2026-07-05T05:21:08.000;2026-07-04T22:21:08.000;31.04;11.05;1.19;20.15;20.34;5
2026-07-05T05:31:34.000;2026-07-04T22:31:34.000;29.45;12.36;1.14;20.2;20.34;6
2026-07-05T05:41:58.000;2026-07-04T22:41:58.000;28.37;12.32;1.2;20.14;20.34;7
2026-07-05T06:02:57.000;2026-07-04T23:02:57.000;27.57;12.86;1.33;20.03;20.34;9
2026-07-05T06:18:50.000;2026-07-04T23:18:50.000;28.43;10.96;1.62;19.81;20.34;10
2026-07-05T06:29:15.000;2026-07-04T23:29:15.000;27.79;12.29;2.62;19.29;20.34;11
2026-07-05T06:49:52.000;2026-07-04T23:49:52.000;27.18;11.87;3.8;18.89;20.34;13
2026-07-05T07:00:12.000;2026-07-05T00:00:12.000;26.96;12.77;2.74;19.24;20.34;14
2026-07-05T07:15:49.000;2026-07-05T00:15:49.000;28.26;11.58;3.69;18.92;20.34;15
2026-07-05T07:26:13.000;2026-07-05T00:26:13.000;27.85;12.68;4.57;18.69;20.34;16
2026-07-05T07:52:12.000;2026-07-05T00:52:12.000;27.79;12.44;6.17;18.36;20.34;18
2026-07-05T08:13:01.000;2026-07-05T01:13:01.000;28.98;9.92;6.14;18.37;20.34;19
2026-07-05T08:33:35.000;2026-07-05T01:33:35.000;25.94;9.97;7.34;18.18;20.34;21
2026-07-05T08:43:52.000;2026-07-05T01:43:52.000;25.11;8.69;7.23;18.19;20.34;22
2026-07-05T08:59:26.000;2026-07-05T01:59:26.000;25.42;7.95;7.98;18.08;20.34;23
2026-07-05T09:09:51.000;2026-07-05T02:09:51.000;25.63;10.26;10.02;17.84;20.34;24
2026-07-05T09:40:46.000;2026-07-05T02:40:46.000;24.19;9.99;11.09;17.73;20.34;27
2026-07-05T09:51:00.000;2026-07-05T02:51:00.000;23.5;6.5;9.81;17.86;20.34;28
2026-07-05T10:01:20.000;2026-07-05T03:01:20.000;22.98;3.8;9.51;17.89;20.34;29
2026-07-05T10:11:35.000;2026-07-05T03:11:35.000;22.45;0.61;5.75;18.44;20.34;30
2026-07-05T10:27:07.000;2026-07-05T03:27:07.000;23.08;1.2;8.46;18.02;20.34;31
2026-07-05T10:37:29.000;2026-07-05T03:37:29.000;23.04;3.29;8.9;17.97;20.34;32
2026-07-05T10:47:42.000;2026-07-05T03:47:42.000;22.31;3.12;7.9;18.1;20.34;33
2026-07-05T10:57:56.000;2026-07-05T03:57:56.000;22.06;2.46;10.56;17.78;20.34;34
2026-07-05T11:08:11.000;2026-07-05T04:08:11.000;21.51;0.25;5.27;18.54;20.34;35
2026-07-05T11:18:27.000;2026-07-05T04:18:27.000;21.08;-1.15;5.73;18.44;20.34;36
2026-07-05T11:28:42.000;2026-07-05T04:28:42.000;20.83;0.42;9.99;17.84;20.34;37
2026-07-05T11:38:57.000;2026-07-05T04:38:57.000;21.27;3.47;25.83;16.81;20.34;38
2026-07-05T11:49:11.000;2026-07-05T04:49:11.000;21.21;4.4;153.4;14.88;20.34;39
2026-07-05T11:59:31.000;2026-07-05T04:59:31.000;20.77;6.12;1390.86;12.48;20.34;40
2026-07-06T03:25:11.000;2026-07-05T20:25:11.000;30.66;7.85;13.35;17.53;20.34;4
2026-07-06T03:46:06.000;2026-07-05T20:46:06.000;32.39;5.01;1.77;19.72;20.34;5
2026-07-06T04:12:14.000;2026-07-05T21:12:14.000;29.92;4.13;0.32;21.57;20.34;7
2026-07-06T04:43:31.000;2026-07-05T21:43:31.000;29.32;2.51;0.44;21.22;20.34;9
2026-07-06T04:53:50.000;2026-07-05T21:53:50.000;28.65;3.77;0.34;21.51;20.34;10
2026-07-06T05:04:04.000;2026-07-05T22:04:04.000;27.91;2.96;0.26;21.79;20.34;11
2026-07-06T05:14:18.000;2026-07-05T22:14:18.000;28.12;2.11;0.24;21.89;20.34;12
2026-07-06T05:24:37.000;2026-07-05T22:24:37.000;27.93;2.12;0.3;21.63;20.34;13
2026-07-06T05:34:52.000;2026-07-05T22:34:52.000;27.29;1.23;0.26;21.82;20.34;14
2026-07-06T05:45:08.000;2026-07-05T22:45:08.000;27.19;0.86;0.25;21.84;20.34;15
2026-07-06T05:55:22.000;2026-07-05T22:55:22.000;27.17;0.67;0.22;22.0;20.34;16
2026-07-06T06:05:38.000;2026-07-05T23:05:38.000;26.55;0.43;0.32;21.57;20.34;17
2026-07-06T06:15:54.000;2026-07-05T23:15:54.000;26.21;0.81;0.3;21.64;20.34;18
2026-07-06T06:26:08.000;2026-07-05T23:26:08.000;26.35;0.51;0.5;21.09;20.34;19
2026-07-06T06:36:23.000;2026-07-05T23:36:23.000;26.38;0.91;0.56;20.97;20.34;20
2026-07-06T06:46:38.000;2026-07-05T23:46:38.000;26.24;0.84;0.63;20.84;20.34;21
2026-07-06T06:56:53.000;2026-07-05T23:56:53.000;25.64;0.51;0.65;20.81;20.34;22
2026-07-06T07:07:11.000;2026-07-06T00:07:11.000;24.72;0.14;0.8;20.58;20.34;23
2026-07-06T07:22:46.000;2026-07-06T00:22:46.000;25.26;-0.11;1.15;20.19;20.34;24
2026-07-06T07:33:15.000;2026-07-06T00:33:15.000;25.35;0.2;1.1;20.24;20.34;25
2026-07-06T07:43:32.000;2026-07-06T00:43:32.000;24.53;-0.01;1.4;19.97;20.34;26
2026-07-06T07:53:46.000;2026-07-06T00:53:46.000;23.63;-0.24;1.35;20.01;20.34;27
2026-07-06T08:09:22.000;2026-07-06T01:09:22.000;23.77;-0.14;1.37;20.0;20.34;28
2026-07-06T08:19:47.000;2026-07-06T01:19:47.000;23.92;0.05;1.02;20.31;20.34;29
2026-07-06T08:30:04.000;2026-07-06T01:30:04.000;23.08;0.79;1.24;20.11;20.34;30
2026-07-06T08:45:37.000;2026-07-06T01:45:37.000;24.21;6.07;3.78;18.9;20.34;31
2026-07-06T08:55:59.000;2026-07-06T01:55:59.000;25.39;10.56;5.08;18.57;20.34;32
2026-07-06T09:06:13.000;2026-07-06T02:06:13.000;25.26;10.45;4.7;18.66;20.34;33
2026-07-06T09:21:46.000;2026-07-06T02:21:46.000;25.33;6.53;6.09;18.38;20.34;34
2026-07-06T09:32:07.000;2026-07-06T02:32:07.000;25.21;1.52;2.61;19.3;20.34;35
2026-07-06T09:42:23.000;2026-07-06T02:42:23.000;23.51;0.89;2.34;19.42;20.34;36
2026-07-06T09:52:40.000;2026-07-06T02:52:40.000;22.98;0.21;2.94;19.17;20.34;37
2026-07-06T10:02:55.000;2026-07-06T03:02:55.000;22.34;0.11;2.86;19.2;20.34;38
2026-07-06T10:13:13.000;2026-07-06T03:13:13.000;21.69;-0.15;2.81;19.22;20.34;39
2026-07-06T10:23:28.000;2026-07-06T03:23:28.000;21.16;0.02;2.95;19.17;20.34;40
2026-07-06T10:33:42.000;2026-07-06T03:33:42.000;20.77;-0.13;3.19;19.08;20.34;41
2026-07-06T10:44:00.000;2026-07-06T03:44:00.000;20.54;0.37;3.27;19.05;20.34;42
2026-07-06T10:54:14.000;2026-07-06T03:54:14.000;20.09;0.0;3.44;19.0;20.34;43
2026-07-06T11:04:29.000;2026-07-06T04:04:29.000;19.95;-0.09;3.71;18.92;20.34;44
2026-07-06T11:20:02.000;2026-07-06T04:20:02.000;21.37;-0.49;4.95;18.6;20.34;45
2026-07-06T11:30:23.000;2026-07-06T04:30:23.000;21.54;-0.47;8.46;18.02;20.34;46
2026-07-06T11:40:37.000;2026-07-06T04:40:37.000;20.79;-0.33;27.9;16.73;20.34;47
2026-07-06T11:55:56.000;2026-07-06T04:55:56.000;21.31;-0.82;354.77;13.97;20.34;48
2026-07-06T12:06:16.000;2026-07-06T05:06:16.000;21.31;-0.35;7246.46;10.69;20.34;49
2026-07-07T03:03:36.000;2026-07-06T20:03:36.000;33.53;3.61;2390.44;11.89;20.34;1
2026-07-07T03:35:14.000;2026-07-06T20:35:14.000;31.35;4.19;2.27;19.45;20.34;4
2026-07-07T03:45:29.000;2026-07-06T20:45:29.000;31.1;4.42;0.6;20.9;20.34;5
2026-07-07T03:55:45.000;2026-07-06T20:55:45.000;30.95;4.82;0.32;21.57;20.34;6
2026-07-07T04:11:22.000;2026-07-06T21:11:22.000;31.22;3.7;0.46;21.17;20.34;7
2026-07-07T04:21:42.000;2026-07-06T21:21:42.000;30.94;4.42;0.27;21.75;20.34;8
2026-07-07T04:31:56.000;2026-07-06T21:31:56.000;30.29;4.37;0.27;21.76;20.34;9
2026-07-07T04:42:30.000;2026-07-06T21:42:30.000;29.93;3.92;0.25;21.87;20.34;10
2026-07-07T04:52:45.000;2026-07-06T21:52:45.000;29.25;3.63;0.26;21.79;20.34;11
2026-07-07T05:03:01.000;2026-07-06T22:03:01.000;28.77;3.73;0.26;21.79;20.34;12
2026-07-07T05:18:40.000;2026-07-06T22:18:40.000;27.8;2.74;0.45;21.21;20.34;13
2026-07-07T05:29:01.000;2026-07-06T22:29:01.000;27.2;3.5;0.28;21.72;20.34;14
2026-07-07T05:39:17.000;2026-07-06T22:39:17.000;26.69;3.56;0.34;21.53;20.34;15
2026-07-07T05:49:32.000;2026-07-06T22:49:32.000;25.99;3.47;0.33;21.53;20.34;16
2026-07-07T05:59:49.000;2026-07-06T22:59:49.000;25.57;3.05;0.32;21.57;20.34;17
2026-07-07T06:10:03.000;2026-07-06T23:10:03.000;25.33;2.94;0.32;21.57;20.34;18
2026-07-07T06:20:18.000;2026-07-06T23:20:18.000;25.12;3.51;0.28;21.73;20.34;19
2026-07-07T06:30:36.000;2026-07-06T23:30:36.000;24.82;3.05;0.35;21.48;20.34;20
2026-07-07T06:40:51.000;2026-07-06T23:40:51.000;24.38;3.49;0.46;21.18;20.34;21
2026-07-07T06:51:12.000;2026-07-06T23:51:12.000;24.12;2.63;0.46;21.19;20.34;22
2026-07-07T07:06:45.000;2026-07-07T00:06:45.000;24.76;2.46;0.77;20.62;20.34;23
2026-07-07T07:17:08.000;2026-07-07T00:17:08.000;24.9;2.54;0.71;20.71;20.34;24
2026-07-07T07:27:23.000;2026-07-07T00:27:23.000;23.91;3.2;0.78;20.62;20.34;25
2026-07-07T07:37:40.000;2026-07-07T00:37:40.000;24.03;3.3;0.82;20.55;20.34;26
2026-07-07T07:47:57.000;2026-07-07T00:47:57.000;23.76;3.54;0.92;20.43;20.34;27
2026-07-07T08:03:29.000;2026-07-07T01:03:29.000;24.25;3.53;1.26;20.09;20.34;28
2026-07-07T08:13:52.000;2026-07-07T01:13:52.000;24.24;3.83;1.22;20.13;20.34;29
2026-07-07T08:34:27.000;2026-07-07T01:34:27.000;24.16;4.6;1.19;20.15;20.34;31
2026-07-07T08:44:52.000;2026-07-07T01:44:52.000;24.38;4.33;1.24;20.11;20.34;32
2026-07-07T08:55:11.000;2026-07-07T01:55:11.000;24.14;3.93;1.45;19.94;20.34;33
2026-07-07T09:05:26.000;2026-07-07T02:05:26.000;23.92;4.33;1.52;19.89;20.34;34
2026-07-07T09:15:43.000;2026-07-07T02:15:43.000;23.99;4.4;1.61;19.82;20.34;35
2026-07-07T09:26:02.000;2026-07-07T02:26:02.000;23.36;4.33;1.84;19.68;20.34;36
2026-07-07T09:41:34.000;2026-07-07T02:41:34.000;24.2;4.31;2.2;19.48;20.34;37
2026-07-07T09:51:58.000;2026-07-07T02:51:58.000;24.24;4.46;2.02;19.58;20.34;38
2026-07-07T10:02:11.000;2026-07-07T03:02:11.000;23.71;3.75;2.08;19.54;20.34;39
2026-07-07T10:12:35.000;2026-07-07T03:12:35.000;23.19;3.46;2.09;19.54;20.34;40
2026-07-07T10:22:52.000;2026-07-07T03:22:52.000;24.96;4.13;2.09;19.54;20.34;41
2026-07-07T10:33:12.000;2026-07-07T03:33:12.000;25.61;4.1;2.17;19.5;20.34;42
2026-07-07T10:48:30.000;2026-07-07T03:48:30.000;26.43;3.19;2.64;19.29;20.34;43
2026-07-07T10:58:50.000;2026-07-07T03:58:50.000;26.22;2.92;2.64;19.29;20.34;44
2026-07-07T11:09:04.000;2026-07-07T04:09:04.000;26.04;2.99;2.93;19.17;20.34;45
2026-07-07T11:19:19.000;2026-07-07T04:19:19.000;25.7;2.35;3.71;18.92;20.34;46
2026-07-07T11:29:36.000;2026-07-07T04:29:36.000;24.93;2.22;7.12;18.21;20.34;47
2026-07-07T11:39:51.000;2026-07-07T04:39:51.000;23.89;2.17;23.26;16.92;20.34;48
2026-07-07T11:50:08.000;2026-07-07T04:50:08.000;23.32;2.45;142.25;14.96;20.34;49
2026-07-07T12:00:22.000;2026-07-07T05:00:22.000;23.04;1.54;1302.47;12.55;20.34;50
2026-07-08T03:15:48.000;2026-07-07T20:15:48.000;25.84;17.21;141.77;14.96;20.34;2
2026-07-08T03:26:09.000;2026-07-07T20:26:09.000;26.92;19.53;3.64;18.94;20.34;3
2026-07-08T04:17:10.000;2026-07-07T21:17:10.000;24.92;18.48;1.23;20.11;20.34;5
2026-07-08T04:27:23.000;2026-07-07T21:27:23.000;25.36;19.01;1.21;20.13;20.34;6
2026-07-08T04:37:39.000;2026-07-07T21:37:39.000;26.11;18.62;0.94;20.41;20.34;7
2026-07-08T04:47:55.000;2026-07-07T21:47:55.000;26.99;18.19;1.08;20.26;20.34;8
2026-07-08T05:03:28.000;2026-07-07T22:03:28.000;27.63;17.4;1.58;19.85;20.34;9
2026-07-08T05:13:48.000;2026-07-07T22:13:48.000;27.62;17.93;1.26;20.09;20.34;10
2026-07-08T05:24:06.000;2026-07-07T22:24:06.000;26.92;17.57;1.05;20.29;20.34;11
2026-07-08T05:34:23.000;2026-07-07T22:34:23.000;27.22;18.52;1.17;20.17;20.34;12
2026-07-08T05:44:37.000;2026-07-07T22:44:37.000;27.07;19.09;1.49;19.9;20.34;13
2026-07-08T05:54:52.000;2026-07-07T22:54:52.000;26.63;18.45;1.35;20.01;20.34;14
2026-07-08T06:05:09.000;2026-07-07T23:05:09.000;26.68;17.42;1.04;20.3;20.34;15
2026-07-08T06:20:43.000;2026-07-07T23:20:43.000;27.3;17.53;1.18;20.16;20.34;16
2026-07-08T06:31:06.000;2026-07-07T23:31:06.000;27.59;18.16;0.94;20.41;20.34;17
2026-07-08T06:41:20.000;2026-07-07T23:41:20.000;27.13;18.89;0.93;20.41;20.34;18
2026-07-08T06:56:54.000;2026-07-07T23:56:54.000;27.76;18.22;1.15;20.18;20.34;19
2026-07-08T07:07:14.000;2026-07-08T00:07:14.000;27.7;19.14;0.83;20.54;20.34;20
2026-07-08T07:27:47.000;2026-07-08T00:27:47.000;26.68;17.02;0.9;20.46;20.34;22
2026-07-08T07:38:01.000;2026-07-08T00:38:01.000;26.38;16.05;1.36;20.0;20.34;23
2026-07-08T07:48:15.000;2026-07-08T00:48:15.000;26.29;14.83;1.3;20.06;20.34;24
2026-07-08T07:58:29.000;2026-07-08T00:58:29.000;26.47;15.89;1.39;19.99;20.34;25
2026-07-08T08:08:48.000;2026-07-08T01:08:48.000;26.87;16.58;1.21;20.14;20.34;26
2026-07-08T08:19:06.000;2026-07-08T01:19:06.000;26.97;16.33;1.44;19.94;20.34;27
2026-07-08T08:29:21.000;2026-07-08T01:29:21.000;26.87;16.56;1.47;19.92;20.34;28
2026-07-08T08:39:39.000;2026-07-08T01:39:39.000;27.06;16.82;1.68;19.77;20.34;29
2026-07-08T08:50:01.000;2026-07-08T01:50:01.000;27.15;17.78;1.58;19.84;20.34;30
2026-07-08T09:10:32.000;2026-07-08T02:10:32.000;27.2;15.37;2.28;19.45;20.34;32
2026-07-08T09:20:47.000;2026-07-08T02:20:47.000;26.25;11.3;2.39;19.39;20.34;33
2026-07-08T09:31:05.000;2026-07-08T02:31:05.000;25.06;6.35;1.93;19.63;20.34;34
2026-07-08T09:41:20.000;2026-07-08T02:41:20.000;24.06;7.26;1.45;19.93;20.34;35
2026-07-08T09:51:35.000;2026-07-08T02:51:35.000;23.46;8.39;2.39;19.39;20.34;36
2026-07-08T10:01:52.000;2026-07-08T03:01:52.000;23.32;10.86;2.49;19.35;20.34;37
2026-07-08T10:12:07.000;2026-07-08T03:12:07.000;23.31;10.24;2.35;19.41;20.34;38
2026-07-08T10:22:22.000;2026-07-08T03:22:22.000;22.87;8.58;2.94;19.17;20.34;39
2026-07-08T10:32:36.000;2026-07-08T03:32:36.000;22.33;4.66;1.64;19.8;20.34;40
2026-07-08T10:42:50.000;2026-07-08T03:42:50.000;21.61;4.17;1.66;19.79;20.34;41
2026-07-08T10:58:22.000;2026-07-08T03:58:22.000;22.1;3.92;2.08;19.54;20.34;42
2026-07-08T11:08:43.000;2026-07-08T04:08:43.000;22.22;3.88;2.02;19.57;20.34;43
2026-07-08T11:18:57.000;2026-07-08T04:18:57.000;21.17;4.08;2.63;19.29;20.34;44
2026-07-08T11:29:12.000;2026-07-08T04:29:12.000;21.24;4.08;5.08;18.58;20.34;45
2026-07-08T11:39:26.000;2026-07-08T04:39:26.000;21.92;3.97;18.25;17.19;20.34;46
2026-07-08T11:49:41.000;2026-07-08T04:49:41.000;21.76;3.74;110.2;15.23;20.34;47
2026-07-08T11:59:56.000;2026-07-08T04:59:56.000;21.18;3.8;1049.83;12.79;20.34;48
2026-07-09T02:33:21.000;2026-07-08T19:33:21.000;19.44;17.99;7994.88;10.58;20.34;1
2026-07-09T02:43:35.000;2026-07-08T19:43:35.000;18.66;17.88;2506.25;11.84;20.34;2
2026-07-09T02:53:48.000;2026-07-08T19:53:48.000;19.22;18.03;607.27;13.38;20.34;3
2026-07-09T03:04:01.000;2026-07-08T20:04:01.000;18.82;16.93;102.88;15.31;20.34;4
2026-07-09T03:14:15.000;2026-07-08T20:14:15.000;18.96;18.33;26.48;16.78;20.34;5
2026-07-09T03:24:29.000;2026-07-08T20:24:29.000;19.05;18.54;11.99;17.64;20.34;6
2026-07-09T03:34:43.000;2026-07-08T20:34:43.000;18.97;18.51;4.44;18.72;20.34;7
2026-07-09T03:44:58.000;2026-07-08T20:44:58.000;19.29;18.72;2.04;19.56;20.34;8
2026-07-09T03:55:15.000;2026-07-08T20:55:15.000;19.54;18.48;0.98;20.37;20.34;9
2026-07-09T05:10:56.000;2026-07-08T22:10:56.000;24.41;15.95;0.94;20.4;20.34;10
2026-07-10T03:11:32.000;2026-07-09T20:11:32.000;33.94;18.12;1028.44;12.81;20.34;1
2026-07-10T03:27:20.000;2026-07-09T20:27:20.000;28.75;15.93;10.53;17.78;20.34;2
2026-07-10T03:37:33.000;2026-07-09T20:37:33.000;21.33;17.63;2.64;19.28;20.34;3
2026-07-10T03:47:45.000;2026-07-09T20:47:45.000;20.87;17.71;3.6;18.95;20.34;4
2026-07-10T03:58:02.000;2026-07-09T20:58:02.000;21.24;16.7;2.69;19.26;20.34;5
2026-07-10T04:08:16.000;2026-07-09T21:08:16.000;21.54;18.05;1.5;19.9;20.34;6
2026-07-10T04:18:34.000;2026-07-09T21:18:34.000;20.6;18.0;1.44;19.94;20.34;7
2026-07-10T04:28:51.000;2026-07-09T21:28:51.000;20.39;17.35;1.19;20.15;20.34;8
2026-07-10T04:39:05.000;2026-07-09T21:39:05.000;20.12;16.11;1.37;20.0;20.34;9
2026-07-10T04:49:22.000;2026-07-09T21:49:22.000;19.91;14.34;1.1;20.24;20.34;10
2026-07-10T04:59:37.000;2026-07-09T21:59:37.000;21.35;13.51;1.34;20.02;20.34;11
2026-07-10T05:09:57.000;2026-07-09T22:09:57.000;22.42;13.15;1.4;19.97;20.34;12
2026-07-10T05:20:13.000;2026-07-09T22:20:13.000;23.19;16.08;1.24;20.11;20.34;13
2026-07-10T06:11:56.000;2026-07-09T23:11:56.000;23.5;11.29;0.8;20.58;20.34;17
2026-07-10T06:22:18.000;2026-07-09T23:22:18.000;24.82;10.42;0.73;20.68;20.34;18
2026-07-10T06:32:35.000;2026-07-09T23:32:35.000;24.06;8.32;0.63;20.84;20.34;19
2026-07-10T06:42:57.000;2026-07-09T23:42:57.000;23.22;7.26;0.63;20.84;20.34;20
2026-07-10T06:58:31.000;2026-07-09T23:58:31.000;23.53;4.87;0.67;20.78;20.34;21
2026-07-10T07:19:12.000;2026-07-10T00:19:12.000;22.14;7.51;0.75;20.65;20.34;23
2026-07-10T08:05:59.000;2026-07-10T01:05:59.000;21.93;6.41;0.52;21.04;20.34;26
2026-07-10T08:16:16.000;2026-07-10T01:16:16.000;21.59;5.89;0.6;20.89;20.34;27
2026-07-10T08:31:52.000;2026-07-10T01:31:52.000;22.19;4.43;0.74;20.67;20.34;28
2026-07-10T09:07:42.000;2026-07-10T02:07:42.000;24.41;3.01;0.77;20.62;20.34;29
2026-07-10T11:09:25.000;2026-07-10T04:09:25.000;24.84;3.63;1.0;20.34;20.34;32
2026-07-10T11:19:52.000;2026-07-10T04:19:52.000;23.1;8.78;1.96;19.61;20.34;33
2026-07-11T02:58:54.000;2026-07-10T19:58:54.000;31.65;7.33;2494.93;11.85;20.34;1
2026-07-11T04:00:17.000;2026-07-10T21:00:17.000;30.7;10.14;0.66;20.8;20.34;5
2026-07-11T04:10:32.000;2026-07-10T21:10:32.000;30.26;17.39;1.16;20.18;20.34;6
2026-07-11T04:36:09.000;2026-07-10T21:36:09.000;29.81;11.77;2.07;19.55;20.34;7
2026-07-11T04:56:47.000;2026-07-10T21:56:47.000;24.43;9.51;1.08;20.26;20.34;9
2026-07-11T05:12:22.000;2026-07-10T22:12:22.000;24.69;8.9;1.3;20.05;20.34;10
2026-07-11T05:22:42.000;2026-07-10T22:22:42.000;24.44;9.04;0.89;20.47;20.34;11
2026-07-11T05:32:57.000;2026-07-10T22:32:57.000;23.96;9.19;0.99;20.35;20.34;12
2026-07-11T05:43:11.000;2026-07-10T22:43:11.000;23.76;9.31;0.85;20.52;20.34;13
2026-07-11T05:53:25.000;2026-07-10T22:53:25.000;23.62;9.41;0.93;20.42;20.34;14
2026-07-11T06:03:40.000;2026-07-10T23:03:40.000;23.42;10.09;0.92;20.43;20.34;15
2026-07-11T06:13:56.000;2026-07-10T23:13:56.000;23.43;9.9;0.8;20.58;20.34;16
2026-07-11T06:24:12.000;2026-07-10T23:24:12.000;23.45;10.31;0.88;20.47;20.34;17
2026-07-11T06:34:29.000;2026-07-10T23:34:29.000;23.38;10.43;0.87;20.49;20.34;18
2026-07-11T06:44:47.000;2026-07-10T23:44:47.000;23.44;10.82;0.88;20.47;20.34;19
2026-07-11T06:55:03.000;2026-07-10T23:55:03.000;23.34;11.03;0.96;20.39;20.34;20
2026-07-11T07:05:20.000;2026-07-11T00:05:20.000;23.18;11.0;1.01;20.33;20.34;21
2026-07-11T07:15:37.000;2026-07-11T00:15:37.000;23.16;10.46;0.84;20.53;20.34;22
2026-07-11T07:25:54.000;2026-07-11T00:25:54.000;23.03;10.73;0.82;20.56;20.34;23
2026-07-11T07:36:10.000;2026-07-11T00:36:10.000;23.07;10.52;0.8;20.59;20.34;24
2026-07-11T07:46:26.000;2026-07-11T00:46:26.000;23.18;10.27;0.76;20.64;20.34;25
2026-07-11T07:56:42.000;2026-07-11T00:56:42.000;23.11;10.02;0.73;20.68;20.34;26
2026-07-11T08:07:00.000;2026-07-11T01:07:00.000;23.12;10.17;0.6;20.9;20.34;27
2026-07-11T08:17:17.000;2026-07-11T01:17:17.000;23.27;12.72;0.74;20.66;20.34;28
2026-07-11T08:27:32.000;2026-07-11T01:27:32.000;23.18;13.62;0.83;20.55;20.34;29
2026-07-11T08:37:52.000;2026-07-11T01:37:52.000;23.15;12.33;0.77;20.62;20.34;30
2026-07-11T08:48:08.000;2026-07-11T01:48:08.000;23.27;11.86;0.75;20.65;20.34;31
2026-07-11T08:58:24.000;2026-07-11T01:58:24.000;23.13;12.2;0.72;20.69;20.34;32
2026-07-11T09:08:39.000;2026-07-11T02:08:39.000;23.21;12.01;0.62;20.86;20.34;33
2026-07-11T09:18:55.000;2026-07-11T02:18:55.000;23.38;12.15;0.73;20.68;20.34;34
2026-07-11T09:29:10.000;2026-07-11T02:29:10.000;23.22;10.81;0.63;20.85;20.34;35
2026-07-11T09:39:24.000;2026-07-11T02:39:24.000;22.98;10.91;0.65;20.81;20.34;36
2026-07-11T09:49:39.000;2026-07-11T02:49:39.000;22.58;9.84;0.47;21.15;20.34;37
2026-07-11T09:59:54.000;2026-07-11T02:59:54.000;22.23;10.93;0.52;21.05;20.34;38
2026-07-11T10:10:08.000;2026-07-11T03:10:08.000;22.31;11.87;0.69;20.74;20.34;39
2026-07-11T10:20:22.000;2026-07-11T03:20:22.000;22.94;12.51;0.64;20.82;20.34;40
2026-07-11T10:30:37.000;2026-07-11T03:30:37.000;23.25;12.37;0.78;20.62;20.34;41
2026-07-11T10:40:53.000;2026-07-11T03:40:53.000;23.42;13.07;1.0;20.34;20.34;42
2026-07-11T10:51:07.000;2026-07-11T03:51:07.000;23.35;13.24;1.02;20.32;20.34;43
2026-07-11T11:01:21.000;2026-07-11T04:01:21.000;23.3;13.51;0.99;20.35;20.34;44
2026-07-11T11:11:39.000;2026-07-11T04:11:39.000;23.29;12.47;1.13;20.2;20.34;45
2026-07-11T11:21:54.000;2026-07-11T04:21:54.000;23.18;6.89;1.33;20.03;20.34;46
2026-07-11T11:32:09.000;2026-07-11T04:32:09.000;22.9;5.8;4.95;18.6;20.34;47
2026-07-11T11:42:23.000;2026-07-11T04:42:23.000;22.87;6.25;31.4;16.6;20.34;48
2026-07-11T11:52:37.000;2026-07-11T04:52:37.000;22.88;6.18;189.71;14.64;20.34;49
2026-07-11T12:02:52.000;2026-07-11T05:02:52.000;22.65;6.7;1933.04;12.12;20.34;50
2026-07-12T03:55:32.000;2026-07-11T20:55:32.000;26.36;12.71;1.26;20.09;20.34;2
2026-07-12T04:05:51.000;2026-07-11T21:05:51.000;26.1;16.71;1.32;20.04;20.34;3
2026-07-12T04:16:06.000;2026-07-11T21:16:06.000;25.96;17.25;1.26;20.08;20.34;4
2026-07-12T04:26:31.000;2026-07-11T21:26:31.000;26.21;15.05;1.77;19.72;20.34;5
2026-07-12T04:36:47.000;2026-07-11T21:36:47.000;25.62;17.65;1.61;19.83;20.34;6
2026-07-12T04:47:02.000;2026-07-11T21:47:02.000;25.53;17.27;1.49;19.91;20.34;7
2026-07-12T05:02:35.000;2026-07-11T22:02:35.000;25.24;16.58;1.52;19.88;20.34;8
2026-07-12T05:12:55.000;2026-07-11T22:12:55.000;20.98;18.13;1.31;20.05;20.34;9
2026-07-12T05:23:09.000;2026-07-11T22:23:09.000;20.66;16.35;1.16;20.18;20.34;10
2026-07-12T05:33:29.000;2026-07-11T22:33:29.000;22.27;16.63;1.1;20.24;20.34;11
2026-07-12T05:43:44.000;2026-07-11T22:43:44.000;22.03;16.76;1.43;19.95;20.34;12
2026-07-12T05:53:59.000;2026-07-11T22:53:59.000;21.71;15.15;1.28;20.08;20.34;13
2026-07-12T06:04:14.000;2026-07-11T23:04:14.000;21.08;14.77;0.94;20.4;20.34;14
2026-07-12T06:14:28.000;2026-07-11T23:14:28.000;21.27;15.92;1.12;20.21;20.34;15
2026-07-12T06:24:45.000;2026-07-11T23:24:45.000;21.25;16.93;1.05;20.29;20.34;16
2026-07-12T06:34:59.000;2026-07-11T23:34:59.000;20.73;16.85;0.82;20.56;20.34;17
2026-07-12T06:45:13.000;2026-07-11T23:45:13.000;21.43;17.63;0.83;20.55;20.34;18
2026-07-12T06:55:32.000;2026-07-11T23:55:32.000;22.24;17.04;0.82;20.55;20.34;19
2026-07-12T07:05:46.000;2026-07-12T00:05:46.000;20.05;18.0;0.63;20.84;20.34;20
2026-07-12T07:16:00.000;2026-07-12T00:16:00.000;19.86;18.79;0.53;21.02;20.34;21
2026-07-12T07:26:13.000;2026-07-12T00:26:13.000;20.07;19.48;0.63;20.84;20.34;22
2026-07-12T07:41:45.000;2026-07-12T00:41:45.000;20.61;19.27;0.81;20.57;20.34;23
2026-07-12T07:52:05.000;2026-07-12T00:52:05.000;20.38;19.68;0.63;20.85;20.34;24
2026-07-12T08:02:19.000;2026-07-12T01:02:19.000;19.94;19.46;0.65;20.81;20.34;25
2026-07-12T08:12:36.000;2026-07-12T01:12:36.000;19.77;19.2;0.83;20.55;20.34;26
2026-07-12T08:22:49.000;2026-07-12T01:22:49.000;19.89;19.39;0.83;20.54;20.34;27
2026-07-12T08:33:03.000;2026-07-12T01:33:03.000;19.91;19.25;0.82;20.55;20.34;28
2026-07-12T08:43:17.000;2026-07-12T01:43:17.000;19.94;19.36;0.64;20.82;20.34;29
2026-07-12T08:53:32.000;2026-07-12T01:53:32.000;19.99;19.51;0.69;20.74;20.34;30
2026-07-12T09:03:46.000;2026-07-12T02:03:46.000;19.56;15.27;0.72;20.7;20.34;31
2026-07-12T09:14:01.000;2026-07-12T02:14:01.000;19.48;15.59;0.68;20.77;20.34;32
2026-07-12T09:24:15.000;2026-07-12T02:24:15.000;19.84;14.47;0.73;20.68;20.34;33
2026-07-12T09:34:30.000;2026-07-12T02:34:30.000;19.76;14.35;0.66;20.8;20.34;34
2026-07-12T09:44:44.000;2026-07-12T02:44:44.000;19.61;13.02;0.69;20.75;20.34;35
2026-07-12T09:54:58.000;2026-07-12T02:54:58.000;19.65;11.89;0.69;20.75;20.34;36
2026-07-12T10:05:12.000;2026-07-12T03:05:12.000;19.66;9.22;0.64;20.83;20.34;37
2026-07-12T10:25:43.000;2026-07-12T03:25:43.000;19.7;8.49;0.48;21.13;20.34;39
2026-07-12T10:35:59.000;2026-07-12T03:35:59.000;19.34;2.91;0.34;21.51;20.34;40
2026-07-12T10:46:17.000;2026-07-12T03:46:17.000;19.13;5.15;0.45;21.21;20.34;41
2026-07-12T10:56:37.000;2026-07-12T03:56:37.000;19.15;6.85;0.47;21.16;20.34;42
2026-07-13T02:24:36.000;2026-07-12T19:24:36.000;19.48;17.96;11762.53;10.16;20.34;1
2026-07-13T02:34:51.000;2026-07-12T19:34:51.000;20.33;18.06;8985.37;10.46;20.34;2
2026-07-13T02:45:05.000;2026-07-12T19:45:05.000;20.53;18.09;3650.49;11.43;20.34;3
2026-07-13T02:55:20.000;2026-07-12T19:55:20.000;20.43;17.98;251.2;14.34;20.34;4
2026-07-13T03:05:34.000;2026-07-12T20:05:34.000;20.6;18.57;16.42;17.3;20.34;5
2026-07-13T03:15:48.000;2026-07-12T20:15:48.000;20.41;17.85;4.68;18.66;20.34;6
2026-07-13T03:26:03.000;2026-07-12T20:26:03.000;20.6;17.88;2.15;19.51;20.34;7
2026-07-13T03:36:19.000;2026-07-12T20:36:19.000;20.5;17.57;1.35;20.01;20.34;8
2026-07-13T03:46:33.000;2026-07-12T20:46:33.000;20.7;17.76;1.2;20.14;20.34;9
2026-07-13T03:56:47.000;2026-07-12T20:56:47.000;20.88;17.14;1.33;20.03;20.34;10
2026-07-13T04:07:02.000;2026-07-12T21:07:02.000;20.98;16.59;0.89;20.46;20.34;11
2026-07-13T04:17:16.000;2026-07-12T21:17:16.000;21.01;16.94;0.95;20.39;20.34;12
2026-07-13T04:27:31.000;2026-07-12T21:27:31.000;20.87;16.24;1.28;20.07;20.34;13
2026-07-13T04:37:45.000;2026-07-12T21:37:45.000;20.56;17.71;1.06;20.28;20.34;14
2026-07-13T04:47:59.000;2026-07-12T21:47:59.000;20.77;16.95;1.02;20.32;20.34;15
2026-07-13T04:58:13.000;2026-07-12T21:58:13.000;20.64;15.75;0.65;20.8;20.34;16
2026-07-13T05:08:29.000;2026-07-12T22:08:29.000;20.65;16.2;0.58;20.94;20.34;17
2026-07-13T05:18:43.000;2026-07-12T22:18:43.000;20.85;17.74;0.83;20.54;20.34;18
2026-07-13T05:28:57.000;2026-07-12T22:28:57.000;20.95;18.05;0.9;20.45;20.34;19
2026-07-13T05:39:11.000;2026-07-12T22:39:11.000;21.09;17.86;1.18;20.16;20.34;20
2026-07-13T05:49:26.000;2026-07-12T22:49:26.000;21.0;17.59;0.78;20.61;20.34;21
2026-07-13T05:59:40.000;2026-07-12T22:59:40.000;20.81;17.52;48.18;16.13;20.34;22
2026-07-13T06:09:54.000;2026-07-12T23:09:54.000;20.27;17.77;0.95;20.4;20.34;23
2026-07-13T06:30:21.000;2026-07-12T23:30:21.000;19.52;17.35;0.61;20.88;20.34;25
2026-07-13T06:40:35.000;2026-07-12T23:40:35.000;19.4;16.8;0.58;20.94;20.34;26
2026-07-13T06:50:49.000;2026-07-12T23:50:49.000;19.26;15.83;0.45;21.21;20.34;27
2026-07-13T07:01:02.000;2026-07-13T00:01:02.000;19.33;17.4;1.06;20.27;20.34;28
2026-07-13T07:11:17.000;2026-07-13T00:11:17.000;19.09;15.51;0.31;21.6;20.34;29
2026-07-13T07:21:31.000;2026-07-13T00:21:31.000;18.73;13.98;0.36;21.45;20.34;30
2026-07-13T07:31:45.000;2026-07-13T00:31:45.000;18.63;13.76;0.42;21.27;20.34;31
2026-07-13T07:41:59.000;2026-07-13T00:41:59.000;18.63;14.44;0.35;21.49;20.34;32
2026-07-13T07:52:15.000;2026-07-13T00:52:15.000;19.0;16.32;0.52;21.06;20.34;33
2026-07-13T08:02:32.000;2026-07-13T01:02:32.000;19.23;16.99;0.72;20.69;20.34;34
2026-07-13T08:12:46.000;2026-07-13T01:12:46.000;19.31;17.25;0.67;20.77;20.34;35
2026-07-13T08:23:00.000;2026-07-13T01:23:00.000;19.3;16.5;0.57;20.94;20.34;36
2026-07-13T08:33:15.000;2026-07-13T01:33:15.000;19.41;16.96;0.44;21.24;20.34;37
2026-07-13T08:43:29.000;2026-07-13T01:43:29.000;19.61;16.87;0.36;21.46;20.34;38
2026-07-13T08:53:43.000;2026-07-13T01:53:43.000;19.71;16.66;0.55;21.0;20.34;39
2026-07-13T09:03:57.000;2026-07-13T02:03:57.000;19.42;16.14;0.5;21.1;20.34;40
2026-07-13T09:14:11.000;2026-07-13T02:14:11.000;19.56;16.23;0.58;20.93;20.34;41
2026-07-13T09:24:25.000;2026-07-13T02:24:25.000;19.46;18.8;0.62;20.87;20.34;42
2026-07-13T09:34:38.000;2026-07-13T02:34:38.000;19.59;19.21;0.48;21.13;20.34;43
2026-07-13T09:44:52.000;2026-07-13T02:44:52.000;19.57;18.95;0.47;21.17;20.34;44
2026-07-13T09:55:06.000;2026-07-13T02:55:06.000;19.54;19.03;0.64;20.83;20.34;45
2026-07-13T10:05:20.000;2026-07-13T03:05:20.000;19.54;18.96;0.69;20.75;20.34;46
2026-07-13T10:15:37.000;2026-07-13T03:15:37.000;19.48;18.86;0.49;21.11;20.34;47
2026-07-13T10:25:52.000;2026-07-13T03:25:52.000;19.53;19.04;0.44;21.23;20.34;48
2026-07-13T10:36:06.000;2026-07-13T03:36:06.000;19.62;19.09;0.66;20.8;20.34;49
2026-07-13T10:46:22.000;2026-07-13T03:46:22.000;19.69;19.25;0.64;20.82;20.34;50
2026-07-13T10:56:36.000;2026-07-13T03:56:36.000;19.67;19.07;0.62;20.86;20.34;51
2026-07-13T11:06:50.000;2026-07-13T04:06:50.000;19.53;18.98;0.57;20.96;20.34;52
2026-07-13T11:17:04.000;2026-07-13T04:17:04.000;19.47;18.57;0.74;20.67;20.34;53
2026-07-13T11:27:18.000;2026-07-13T04:27:18.000;19.5;15.66;1.84;19.68;20.34;54
2026-07-13T11:37:32.000;2026-07-13T04:37:32.000;19.5;13.89;8.27;18.05;20.34;55
2026-07-13T11:47:46.000;2026-07-13T04:47:46.000;19.55;12.39;59.76;15.9;20.34;56
2026-07-13T11:58:00.000;2026-07-13T04:58:00.000;19.56;8.86;549.32;13.49;20.34;57
2026-07-13T12:08:15.000;2026-07-13T05:08:15.000;19.36;7.37;6503.61;10.81;20.34;58
2026-07-14T02:41:50.000;2026-07-13T19:41:50.000;19.91;19.61;10273.54;10.31;20.34;1
2026-07-14T02:52:06.000;2026-07-13T19:52:06.000;20.65;20.16;1392.77;12.48;20.34;2
2026-07-14T03:02:23.000;2026-07-13T20:02:23.000;20.58;20.0;222.45;14.47;20.34;3
2026-07-14T03:12:41.000;2026-07-13T20:12:41.000;20.44;20.03;25.66;16.82;20.34;4
2026-07-14T03:22:56.000;2026-07-13T20:22:56.000;20.54;20.08;4.49;18.71;20.34;5
2026-07-14T03:33:13.000;2026-07-13T20:33:13.000;20.39;15.89;1.56;19.86;20.34;6
2026-07-14T03:43:28.000;2026-07-13T20:43:28.000;20.35;16.3;1.17;20.17;20.34;7
2026-07-14T04:03:49.000;2026-07-13T21:03:49.000;22.16;13.8;1.37;20.0;20.34;8
2026-07-14T04:14:16.000;2026-07-13T21:14:16.000;21.86;13.24;1.17;20.16;20.34;9
2026-07-14T04:24:31.000;2026-07-13T21:24:31.000;21.19;13.19;0.93;20.42;20.34;10
2026-07-14T04:40:06.000;2026-07-13T21:40:06.000;21.68;12.85;1.04;20.3;20.34;11
2026-07-14T04:50:29.000;2026-07-13T21:50:29.000;21.63;13.54;1.14;20.19;20.34;12
2026-07-14T05:00:42.000;2026-07-13T22:00:42.000;21.11;13.65;1.0;20.33;20.34;13
2026-07-14T05:10:58.000;2026-07-13T22:10:58.000;21.05;14.14;0.92;20.43;20.34;14
2026-07-14T05:21:17.000;2026-07-13T22:21:17.000;21.28;14.55;0.97;20.37;20.34;15
2026-07-14T05:31:34.000;2026-07-13T22:31:34.000;21.35;14.59;0.84;20.53;20.34;16
2026-07-14T05:41:50.000;2026-07-13T22:41:50.000;21.46;14.96;0.91;20.45;20.34;17
2026-07-14T06:02:20.000;2026-07-13T23:02:20.000;20.47;13.11;0.64;20.82;20.34;19
2026-07-14T07:04:08.000;2026-07-14T00:04:08.000;23.55;14.24;0.79;20.59;20.34;22
2026-07-14T08:14:39.000;2026-07-14T01:14:39.000;26.35;11.44;0.82;20.55;20.34;23
2026-07-16T03:31:36.000;2026-07-15T20:31:36.000;28.99;16.49;90.94;15.44;20.34;2
2026-07-16T04:02:40.000;2026-07-15T21:02:40.000;20.2;18.09;1.2;20.14;20.34;5
2026-07-16T04:12:56.000;2026-07-15T21:12:56.000;20.58;18.09;1.27;20.08;20.34;6
2026-07-16T04:28:13.000;2026-07-15T21:28:13.000;21.3;16.45;1.05;20.29;20.34;7
2026-07-16T04:38:45.000;2026-07-15T21:38:45.000;22.57;12.15;1.01;20.33;20.34;8
2026-07-16T04:49:20.000;2026-07-15T21:49:20.000;22.47;12.53;0.85;20.52;20.34;9
2026-07-16T05:25:52.000;2026-07-15T22:25:52.000;23.14;9.47;0.89;20.46;20.34;11
2026-07-21T02:51:05.000;2026-07-20T19:51:05.000;26.56;11.33;5636.65;10.96;20.34;1
2026-07-21T03:01:25.000;2026-07-20T20:01:25.000;27.2;16.04;252.24;14.34;20.34;2
2026-07-21T03:11:41.000;2026-07-20T20:11:41.000;27.46;17.94;33.98;16.51;20.34;3
2026-07-21T03:21:57.000;2026-07-20T20:21:57.000;27.16;16.65;7.88;18.1;20.34;4
2026-07-21T03:42:38.000;2026-07-20T20:42:38.000;28.33;18.49;2.66;19.28;20.34;5
2026-07-21T03:53:00.000;2026-07-20T20:53:00.000;27.47;19.59;2.55;19.32;20.34;6
2026-07-21T04:59:03.000;2026-07-20T21:59:03.000;27.76;17.45;17.23;17.25;20.34;8
2026-07-21T05:09:21.000;2026-07-20T22:09:21.000;21.38;17.9;1.04;20.3;20.34;9
2026-07-21T05:19:33.000;2026-07-20T22:19:33.000;20.35;19.85;1.16;20.18;20.34;10
2026-07-21T05:29:46.000;2026-07-20T22:29:46.000;20.28;19.88;0.85;20.52;20.34;11
2026-07-21T05:40:00.000;2026-07-20T22:40:00.000;20.06;19.51;0.82;20.56;20.34;12
2026-07-21T05:50:13.000;2026-07-20T22:50:13.000;19.91;17.92;37.26;16.41;20.34;13
2026-07-21T06:00:26.000;2026-07-20T23:00:26.000;19.39;18.73;0.85;20.52;20.34;14
2026-07-21T06:10:40.000;2026-07-20T23:10:40.000;19.38;16.71;0.95;20.39;20.34;15
2026-07-21T06:20:53.000;2026-07-20T23:20:53.000;19.68;19.15;0.71;20.71;20.34;16
2026-07-21T06:31:07.000;2026-07-20T23:31:07.000;19.72;19.44;0.61;20.88;20.34;17
2026-07-21T06:41:21.000;2026-07-20T23:41:21.000;19.93;19.74;0.51;21.06;20.34;18
2026-07-21T06:51:35.000;2026-07-20T23:51:35.000;19.83;19.36;0.5;21.09;20.34;19
2026-07-21T07:01:48.000;2026-07-21T00:01:48.000;19.57;19.04;0.56;20.96;20.34;20
2026-07-21T07:12:02.000;2026-07-21T00:12:02.000;19.33;18.76;0.49;21.1;20.34;21
2026-07-21T07:22:16.000;2026-07-21T00:22:16.000;19.22;18.74;0.52;21.05;20.34;22
2026-07-21T07:32:29.000;2026-07-21T00:32:29.000;19.06;18.61;0.39;21.36;20.34;23
2026-07-21T07:42:43.000;2026-07-21T00:42:43.000;18.99;18.49;0.34;21.52;20.34;24
2026-07-21T07:52:57.000;2026-07-21T00:52:57.000;19.02;18.14;0.35;21.47;20.34;25
2026-07-21T08:03:10.000;2026-07-21T01:03:10.000;19.07;14.96;0.46;21.18;20.34;26
2026-07-21T08:13:24.000;2026-07-21T01:13:24.000;19.02;15.16;0.58;20.94;20.34;27
2026-07-21T08:23:39.000;2026-07-21T01:23:39.000;19.12;14.94;0.5;21.1;20.34;28
2026-07-21T08:33:53.000;2026-07-21T01:33:53.000;19.3;14.58;0.54;21.02;20.34;29
2026-07-21T08:44:06.000;2026-07-21T01:44:06.000;19.25;13.71;0.43;21.24;20.34;30
2026-07-21T08:54:20.000;2026-07-21T01:54:20.000;19.34;15.46;0.52;21.05;20.34;31
2026-07-21T09:04:34.000;2026-07-21T02:04:34.000;19.42;15.3;0.56;20.97;20.34;32
2026-07-21T09:14:48.000;2026-07-21T02:14:48.000;19.46;14.95;0.52;21.06;20.34;33
2026-07-21T09:25:01.000;2026-07-21T02:25:01.000;19.47;14.62;0.44;21.24;20.34;34
2026-07-21T09:35:15.000;2026-07-21T02:35:15.000;19.29;9.36;0.41;21.32;20.34;35
2026-07-21T09:45:29.000;2026-07-21T02:45:29.000;19.07;10.61;0.4;21.32;20.34;36
2026-07-21T09:55:52.000;2026-07-21T02:55:52.000;19.08;12.88;0.5;21.09;20.34;37
2026-07-21T10:16:42.000;2026-07-21T03:16:42.000;19.35;13.7;0.38;21.39;20.34;39
2026-07-21T10:26:56.000;2026-07-21T03:26:56.000;19.5;14.56;0.48;21.13;20.34;40
2026-07-23T05:34:20.000;2026-07-22T22:34:20.000;25.69;8.29;1.33;20.03;20.34;4
2026-07-23T06:05:13.000;2026-07-22T23:05:13.000;26.1;7.95;1.31;20.05;20.34;6
2026-07-23T06:15:34.000;2026-07-22T23:15:34.000;25.0;8.32;1.03;20.31;20.34;7
2026-07-23T06:25:51.000;2026-07-22T23:25:51.000;24.2;8.59;1.03;20.31;20.34;8
2026-07-23T06:51:53.000;2026-07-22T23:51:53.000;24.83;8.3;1.17;20.17;20.34;10
2026-07-23T07:07:39.000;2026-07-23T00:07:39.000;25.45;8.05;0.97;20.37;20.34;11
2026-07-23T07:17:57.000;2026-07-23T00:17:57.000;24.88;8.09;0.57;20.95;20.34;12
2026-07-23T07:38:30.000;2026-07-23T00:38:30.000;25.75;7.67;0.68;20.76;20.34;13
2026-07-23T07:48:51.000;2026-07-23T00:48:51.000;25.16;7.49;0.47;21.16;20.34;14
