# Definition of the community standard for skyglow observations 1.0
# URL: http://www.darksky.org/NSBM/sdf1.0.pdf
# Number of header lines: 35
# This data is released under the following license: ODbL 1.0 http://opendatacommons.org/licenses/odbl/summary/
# Device type: TESS-WDL
# Instrument ID: stars1414
# Data supplier: None / None
# Location name: Vatican Advanced Technology Telescope / Safford / Arizona / Arizona / United States 
# Position: 32.7013, -109.892, None
# Local timezone: America/Phoenix
# Time Synchronization: timestamp added by MQTT subscriber
# Moving / Stationary position: STATIONARY
# Moving / Fixed look direction: FIXED
# Number of channels: 1
# Filters per channel: None
# Measurement direction per channel: (0.0, 0.0)
# Field of view: 17.0
# Number of fields per line: 8
# TESS MAC address: D0:EF:76:11:23:98
# TESS firmware version: Oct 17 2024 v4.32
# TESS cover offset value: 0.0
# TESS zero point: 20.34
# Comment:  
# Comment:
# Comment:
# Comment:
# Comment:
# Comment: Current Zero Point in the header corresponds to the UV/IR-cut channel
# Comment: MSAS = ZP - 2.5*log10(Frequency)
# blank line 30
# blank line 31
# blank line 32
# UTC Date & Time, Local Date & Time, Enclosure Temperature, Sky Temperature, Freq1, MSAS1, ZP1, Freq2, MSAS2, ZP2, Freq3,  MSAS3, ZP3, Freq4, MSAS4, ZP4, Sequence Number
# YYYY-MM-DDTHH:mm:ss.fff;YYYY-MM-DDTHH:mm:ss.fff;Celsius;Celsius;Hz;mag/arcsec^2;mag/arcsec^2;Hz;mag/arcsec^2;mag/arcsec^2;Hz;mag/arcsec^2;mag/arcsec^2;Hz;mag/arcsec^2;mag/arcsec^2; Multiple of Tx period
# END OF HEADER
2026-03-02T01:50:29.000;2026-03-01T18:50:29.000;22.75;-11.59;1793.12;12.21;20.34;1
2026-03-02T02:00:52.000;2026-03-01T19:00:52.000;21.62;-11.64;32.06;16.58;20.34;2
2026-03-02T02:16:36.000;2026-03-01T19:16:36.000;21.79;-11.23;9.06;17.95;20.34;3
2026-03-02T02:32:01.000;2026-03-01T19:32:01.000;22.73;-11.55;7.66;18.13;20.34;4
2026-03-02T02:42:22.000;2026-03-01T19:42:22.000;21.85;-11.83;8.29;18.04;20.34;5
2026-03-02T02:52:37.000;2026-03-01T19:52:37.000;19.77;-11.91;9.77;17.86;20.34;6
2026-03-02T03:02:54.000;2026-03-01T20:02:54.000;18.87;-11.51;10.35;17.8;20.34;7
2026-03-02T03:23:29.000;2026-03-01T20:23:29.000;19.64;-12.56;11.65;17.67;20.34;8
2026-03-02T03:54:28.000;2026-03-01T20:54:28.000;16.26;-11.88;12.12;17.63;20.34;11
2026-03-02T04:04:48.000;2026-03-01T21:04:48.000;16.15;-11.85;13.34;17.53;20.34;12
2026-03-02T04:15:07.000;2026-03-01T21:15:07.000;15.7;-12.11;15.05;17.4;20.34;13
2026-03-02T04:35:54.000;2026-03-01T21:35:54.000;15.46;-12.3;19.22;17.13;20.34;15
2026-03-02T04:56:38.000;2026-03-01T21:56:38.000;15.45;-12.44;24.27;16.88;20.34;17
2026-03-02T05:33:09.000;2026-03-01T22:33:09.000;15.8;-13.35;46.73;16.17;20.34;20
2026-03-02T05:53:49.000;2026-03-01T22:53:49.000;16.2;-14.89;60.28;15.89;20.34;21
2026-03-02T06:04:17.000;2026-03-01T23:04:17.000;14.69;-14.0;61.13;15.87;20.34;22
2026-03-02T06:14:44.000;2026-03-01T23:14:44.000;12.91;-14.01;61.35;15.87;20.34;23
2026-03-03T03:02:54.000;2026-03-02T20:02:54.000;22.98;-9.82;19.6;17.11;20.34;4
2026-03-03T03:38:34.000;2026-03-02T20:38:34.000;24.19;-10.48;26.08;16.8;20.34;5
2026-03-04T01:58:27.000;2026-03-03T18:58:27.000;17.26;-18.02;135.45;15.01;20.34;2
2026-03-04T02:08:51.000;2026-03-03T19:08:51.000;17.06;-18.05;8.98;17.96;20.34;3
2026-03-04T02:19:18.000;2026-03-03T19:19:18.000;15.57;-17.91;2.91;19.18;20.34;4
2026-03-04T02:29:38.000;2026-03-03T19:29:38.000;15.04;-17.6;2.6;19.3;20.34;5
2026-03-04T03:05:36.000;2026-03-03T20:05:36.000;17.7;-19.1;4.2;18.78;20.34;7
2026-03-04T03:21:15.000;2026-03-03T20:21:15.000;17.23;-19.25;5.04;18.58;20.34;8
2026-03-04T03:31:38.000;2026-03-03T20:31:38.000;15.95;-19.15;4.96;18.6;20.34;9
2026-03-04T04:02:14.000;2026-03-03T21:02:14.000;17.36;-20.12;6.5;18.31;20.34;10
2026-03-04T05:39:07.000;2026-03-03T22:39:07.000;17.95;-19.97;12.13;17.63;20.34;13
2026-03-05T02:00:58.000;2026-03-04T19:00:58.000;15.73;-13.61;108.89;15.25;20.34;2
2026-03-05T02:32:09.000;2026-03-04T19:32:09.000;12.57;-16.92;0.6;20.9;20.34;5
2026-03-05T03:44:18.000;2026-03-04T20:44:18.000;15.32;-18.77;1.9;19.64;20.34;8
2026-03-05T03:54:54.000;2026-03-04T20:54:54.000;14.24;-18.27;2.48;19.36;20.34;9
2026-03-05T04:36:57.000;2026-03-04T21:36:57.000;14.3;-19.41;3.87;18.87;20.34;11
2026-03-06T01:59:59.000;2026-03-05T18:59:59.000;18.22;-19.24;876.64;12.98;20.34;1
2026-03-09T03:50:42.000;2026-03-08T20:50:42.000;20.32;-7.53;0.64;20.83;20.34;3
2026-03-09T04:37:10.000;2026-03-08T21:37:10.000;19.22;-11.1;0.48;21.13;20.34;5
2026-03-09T04:47:45.000;2026-03-08T21:47:45.000;16.26;-11.1;0.28;21.72;20.34;6
2026-03-09T04:58:05.000;2026-03-08T21:58:05.000;14.03;-10.7;0.32;21.58;20.34;7
2026-03-09T05:08:25.000;2026-03-08T22:08:25.000;12.89;-10.81;0.3;21.64;20.34;8
2026-03-09T05:18:49.000;2026-03-08T22:18:49.000;12.13;-10.74;0.32;21.59;20.34;9
2026-03-10T03:01:40.000;2026-03-09T20:01:40.000;13.67;5.23;7.69;18.12;20.34;4
2026-03-10T03:12:02.000;2026-03-09T20:12:02.000;10.51;9.32;1.59;19.84;20.34;5
2026-03-10T03:22:14.000;2026-03-09T20:22:14.000;8.61;7.47;0.36;21.45;20.34;6
2026-03-10T03:32:28.000;2026-03-09T20:32:28.000;8.27;7.66;0.76;20.64;20.34;7
2026-03-10T03:42:42.000;2026-03-09T20:42:42.000;8.96;8.64;0.63;20.85;20.34;8
2026-03-10T03:52:57.000;2026-03-09T20:52:57.000;9.0;8.85;0.77;20.62;20.34;9
2026-03-10T04:03:11.000;2026-03-09T21:03:11.000;8.79;8.65;0.77;20.62;20.34;10
2026-03-10T04:13:24.000;2026-03-09T21:13:24.000;8.98;8.86;0.89;20.46;20.34;11
2026-03-10T04:23:38.000;2026-03-09T21:23:38.000;9.25;9.04;0.99;20.35;20.34;12
2026-03-10T04:33:52.000;2026-03-09T21:33:52.000;9.45;9.23;1.07;20.27;20.34;13
2026-03-10T04:44:06.000;2026-03-09T21:44:06.000;9.5;9.18;1.03;20.3;20.34;14
2026-03-10T04:54:19.000;2026-03-09T21:54:19.000;9.44;9.11;0.63;20.84;20.34;15
2026-03-10T05:04:33.000;2026-03-09T22:04:33.000;9.31;8.99;0.45;21.21;20.34;16
2026-03-10T05:14:46.000;2026-03-09T22:14:46.000;9.25;8.99;0.49;21.1;20.34;17
2026-03-10T05:25:00.000;2026-03-09T22:25:00.000;9.16;8.97;0.42;21.28;20.34;18
2026-03-10T05:35:13.000;2026-03-09T22:35:13.000;9.46;9.28;0.72;20.7;20.34;19
2026-03-10T05:45:27.000;2026-03-09T22:45:27.000;9.61;9.43;0.75;20.65;20.34;20
2026-03-10T05:55:40.000;2026-03-09T22:55:40.000;9.7;9.57;0.8;20.58;20.34;21
2026-03-10T06:05:54.000;2026-03-09T23:05:54.000;9.66;9.45;0.45;21.2;20.34;22
2026-03-10T06:16:08.000;2026-03-09T23:16:08.000;9.53;9.2;0.54;21.02;20.34;23
2026-03-10T06:26:28.000;2026-03-09T23:26:28.000;9.53;9.34;0.44;21.24;20.34;24
2026-03-10T06:36:42.000;2026-03-09T23:36:42.000;9.47;9.27;0.32;21.59;20.34;25
2026-03-10T06:46:56.000;2026-03-09T23:46:56.000;9.41;8.9;0.38;21.39;20.34;26
2026-03-10T08:25:06.000;2026-03-10T01:25:06.000;13.31;11.24;0.74;20.66;20.34;31
2026-03-10T08:45:51.000;2026-03-10T01:45:51.000;10.94;8.18;0.76;20.64;20.34;32
2026-03-10T08:56:09.000;2026-03-10T01:56:09.000;8.44;7.59;0.94;20.41;20.34;33
2026-03-10T09:06:21.000;2026-03-10T02:06:21.000;7.71;7.08;1.17;20.17;20.34;34
2026-03-10T09:16:34.000;2026-03-10T02:16:34.000;7.3;6.93;1.56;19.86;20.34;35
2026-03-10T09:26:48.000;2026-03-10T02:26:48.000;7.43;7.11;2.02;19.58;20.34;36
2026-03-10T09:37:01.000;2026-03-10T02:37:01.000;6.93;6.5;1.02;20.32;20.34;37
2026-03-10T09:47:15.000;2026-03-10T02:47:15.000;5.95;5.38;0.89;20.47;20.34;38
2026-03-10T09:57:28.000;2026-03-10T02:57:28.000;4.88;4.38;0.78;20.61;20.34;39
2026-03-10T10:07:42.000;2026-03-10T03:07:42.000;4.4;3.98;0.61;20.88;20.34;40
2026-03-11T01:47:43.000;2026-03-10T18:47:43.000;11.96;-2.91;5023.55;11.09;20.34;1
2026-03-11T02:39:39.000;2026-03-10T19:39:39.000;11.63;-6.64;0.59;20.91;20.34;5
2026-03-11T02:49:56.000;2026-03-10T19:49:56.000;10.53;-6.93;0.52;21.06;20.34;6
2026-03-11T03:00:10.000;2026-03-10T20:00:10.000;10.61;1.31;0.86;20.51;20.34;7
2026-03-11T03:10:25.000;2026-03-10T20:10:25.000;11.23;-1.81;0.68;20.76;20.34;8
2026-03-11T03:20:44.000;2026-03-10T20:20:44.000;11.58;-1.85;0.54;21.01;20.34;9
2026-03-11T03:31:05.000;2026-03-10T20:31:05.000;11.6;-2.26;0.47;21.17;20.34;10
2026-03-11T03:41:20.000;2026-03-10T20:41:20.000;11.28;-11.95;0.34;21.5;20.34;11
2026-03-11T03:51:33.000;2026-03-10T20:51:33.000;10.45;-15.15;0.28;21.72;20.34;12
2026-03-11T04:01:48.000;2026-03-10T21:01:48.000;10.23;-14.89;0.3;21.64;20.34;13
2026-03-11T04:12:01.000;2026-03-10T21:12:01.000;10.17;-14.35;0.33;21.54;20.34;14
2026-03-11T04:22:16.000;2026-03-10T21:22:16.000;9.91;-15.61;0.32;21.57;20.34;15
2026-03-11T04:32:30.000;2026-03-10T21:32:30.000;9.68;-15.73;0.26;21.79;20.34;16
2026-03-11T04:42:44.000;2026-03-10T21:42:44.000;9.57;-15.61;0.32;21.56;20.34;17
2026-03-11T04:52:58.000;2026-03-10T21:52:58.000;9.4;-15.33;0.25;21.83;20.34;18
2026-03-11T05:08:30.000;2026-03-10T22:08:30.000;10.22;-16.07;0.44;21.23;20.34;19
2026-03-11T05:18:54.000;2026-03-10T22:18:54.000;10.16;-15.97;0.24;21.88;20.34;20
2026-03-11T05:29:07.000;2026-03-10T22:29:07.000;9.18;-15.94;0.28;21.71;20.34;21
2026-03-11T05:44:26.000;2026-03-10T22:44:26.000;9.32;-16.24;0.41;21.31;20.34;22
2026-03-11T05:54:47.000;2026-03-10T22:54:47.000;9.58;-16.07;0.23;21.95;20.34;23
2026-03-11T06:05:04.000;2026-03-10T23:05:04.000;8.59;-15.9;0.22;21.99;20.34;24
2026-03-11T06:20:36.000;2026-03-10T23:20:36.000;8.59;-16.94;0.37;21.41;20.34;25
2026-03-11T06:30:56.000;2026-03-10T23:30:56.000;8.32;-16.75;0.21;22.05;20.34;26
2026-03-11T06:41:08.000;2026-03-10T23:41:08.000;7.69;-16.52;0.16;22.31;20.34;27
2026-03-11T06:51:22.000;2026-03-10T23:51:22.000;6.9;-17.05;0.2;22.07;20.34;28
2026-03-11T07:01:36.000;2026-03-11T00:01:36.000;6.37;-17.03;0.12;22.62;20.34;29
2026-03-11T07:11:51.000;2026-03-11T00:11:51.000;6.27;-16.58;0.16;22.34;20.34;30
2026-03-11T07:22:04.000;2026-03-11T00:22:04.000;6.06;-16.75;0.19;22.14;20.34;31
2026-03-11T07:37:23.000;2026-03-11T00:37:23.000;6.74;-17.05;0.32;21.57;20.34;32
2026-03-11T07:47:45.000;2026-03-11T00:47:45.000;7.13;-16.41;0.19;22.17;20.34;33
2026-03-11T07:58:00.000;2026-03-11T00:58:00.000;6.52;-16.57;0.11;22.71;20.34;34
2026-03-11T08:08:14.000;2026-03-11T01:08:14.000;6.11;-16.51;0.11;22.74;20.34;35
2026-03-11T08:18:28.000;2026-03-11T01:18:28.000;5.74;-16.67;0.18;22.19;20.34;36
2026-03-11T08:28:42.000;2026-03-11T01:28:42.000;5.76;-16.32;0.2;22.11;20.34;37
2026-03-11T08:38:56.000;2026-03-11T01:38:56.000;5.48;-16.49;0.15;22.43;20.34;38
2026-03-11T08:49:10.000;2026-03-11T01:49:10.000;5.39;-16.55;0.12;22.67;20.34;39
2026-03-11T08:59:24.000;2026-03-11T01:59:24.000;5.21;-16.42;0.23;21.95;20.34;40
2026-03-11T09:09:38.000;2026-03-11T02:09:38.000;5.1;-16.54;0.22;21.97;20.34;41
2026-03-11T09:19:52.000;2026-03-11T02:19:52.000;4.77;-16.55;0.28;21.71;20.34;42
2026-03-11T09:30:06.000;2026-03-11T02:30:06.000;4.95;-16.37;0.21;22.05;20.34;43
2026-03-11T09:40:20.000;2026-03-11T02:40:20.000;5.1;-16.56;0.31;21.61;20.34;44
2026-03-11T09:50:34.000;2026-03-11T02:50:34.000;5.18;-16.55;0.38;21.4;20.34;45
2026-03-11T10:00:48.000;2026-03-11T03:00:48.000;5.14;-16.57;0.42;21.29;20.34;46
2026-03-11T10:11:02.000;2026-03-11T03:11:02.000;5.15;-16.86;0.51;21.07;20.34;47
2026-03-11T10:21:17.000;2026-03-11T03:21:17.000;5.21;-16.55;0.53;21.02;20.34;48
2026-03-11T10:31:31.000;2026-03-11T03:31:31.000;5.08;-16.69;0.48;21.15;20.34;49
2026-03-11T10:41:45.000;2026-03-11T03:41:45.000;4.81;-16.51;0.49;21.11;20.34;50
2026-03-11T10:51:59.000;2026-03-11T03:51:59.000;4.8;-17.31;0.6;20.9;20.34;51
2026-03-11T11:02:14.000;2026-03-11T04:02:14.000;4.65;-16.76;0.62;20.86;20.34;52
2026-03-11T11:17:51.000;2026-03-11T04:17:51.000;5.33;-17.54;0.82;20.55;20.34;53
2026-03-11T11:28:12.000;2026-03-11T04:28:12.000;5.61;-17.43;0.67;20.78;20.34;54
2026-03-11T11:38:25.000;2026-03-11T04:38:25.000;5.08;-17.42;0.68;20.77;20.34;55
2026-03-11T11:48:39.000;2026-03-11T04:48:39.000;4.81;-17.17;0.59;20.92;20.34;56
2026-03-11T11:58:53.000;2026-03-11T04:58:53.000;4.68;-17.25;0.7;20.73;20.34;57
2026-03-11T12:09:06.000;2026-03-11T05:09:06.000;4.07;-17.53;0.71;20.72;20.34;58
2026-03-11T12:19:20.000;2026-03-11T05:19:20.000;3.97;-15.79;0.75;20.66;20.34;59
2026-03-11T12:29:34.000;2026-03-11T05:29:34.000;4.92;-13.18;0.77;20.62;20.34;60
2026-03-11T12:39:49.000;2026-03-11T05:39:49.000;5.16;-14.63;1.02;20.31;20.34;61
2026-03-11T12:50:05.000;2026-03-11T05:50:05.000;5.5;-16.5;3.55;18.96;20.34;62
2026-03-11T13:00:19.000;2026-03-11T06:00:19.000;5.29;-17.32;23.78;16.9;20.34;63
2026-03-11T13:15:51.000;2026-03-11T06:15:51.000;6.43;-17.39;576.53;13.44;20.34;64
2026-03-12T01:49:15.000;2026-03-11T18:49:15.000;15.89;-11.96;3111.21;11.61;20.34;1
2026-03-12T01:59:35.000;2026-03-11T18:59:35.000;16.51;-11.95;209.53;14.54;20.34;2
2026-03-12T02:09:55.000;2026-03-11T19:09:55.000;15.94;-12.86;22.04;16.98;20.34;3
2026-03-12T02:30:39.000;2026-03-11T19:30:39.000;17.53;-14.09;1.81;19.7;20.34;4
2026-03-12T02:41:05.000;2026-03-11T19:41:05.000;16.71;-13.33;0.55;21.0;20.34;5
2026-03-12T03:36:24.000;2026-03-11T20:36:24.000;18.7;-15.3;0.61;20.87;20.34;6
2026-03-12T03:46:58.000;2026-03-11T20:46:58.000;15.37;-14.31;0.35;21.48;20.34;7
2026-03-12T04:02:38.000;2026-03-11T21:02:38.000;14.23;-14.4;0.5;21.1;20.34;8
2026-03-12T04:23:23.000;2026-03-11T21:23:23.000;13.39;-13.41;0.26;21.78;20.34;10
2026-03-12T04:39:00.000;2026-03-11T21:39:00.000;13.12;-14.37;0.47;21.17;20.34;11
2026-03-12T05:15:01.000;2026-03-11T22:15:01.000;14.61;-14.68;0.45;21.2;20.34;13
2026-03-12T05:35:50.000;2026-03-11T22:35:50.000;14.78;-14.25;0.44;21.23;20.34;14
2026-03-12T06:12:09.000;2026-03-11T23:12:09.000;13.83;-13.77;0.41;21.31;20.34;17
2026-03-12T06:27:53.000;2026-03-11T23:27:53.000;13.63;-14.35;0.4;21.33;20.34;18
2026-03-12T06:43:40.000;2026-03-11T23:43:40.000;13.08;-14.22;0.4;21.33;20.34;19
2026-03-12T06:59:28.000;2026-03-11T23:59:28.000;12.83;-14.13;0.4;21.33;20.34;20
2026-03-12T07:09:50.000;2026-03-12T00:09:50.000;11.82;-13.62;0.24;21.88;20.34;21
2026-03-12T07:20:03.000;2026-03-12T00:20:03.000;11.07;-13.18;0.18;22.22;20.34;22
2026-03-12T07:30:20.000;2026-03-12T00:30:20.000;11.04;-13.48;0.24;21.9;20.34;23
2026-03-12T07:40:52.000;2026-03-12T00:40:52.000;10.81;-13.67;0.17;22.23;20.34;24
2026-03-12T08:01:37.000;2026-03-12T01:01:37.000;12.59;-14.8;0.39;21.36;20.34;25
2026-03-12T08:32:22.000;2026-03-12T01:32:22.000;14.05;-15.34;0.4;21.35;20.34;26
2026-03-12T08:42:43.000;2026-03-12T01:42:43.000;12.12;-14.85;0.18;22.22;20.34;27
2026-03-12T09:08:21.000;2026-03-12T02:08:21.000;13.09;-15.58;0.39;21.36;20.34;28
2026-03-12T09:18:55.000;2026-03-12T02:18:55.000;11.65;-15.2;0.19;22.12;20.34;29
2026-03-12T09:34:33.000;2026-03-12T02:34:33.000;11.02;-15.39;0.4;21.34;20.34;30
2026-03-12T10:00:57.000;2026-03-12T03:00:57.000;10.78;-15.83;0.45;21.21;20.34;32
2026-03-12T10:11:21.000;2026-03-12T03:11:21.000;10.47;-15.53;0.24;21.89;20.34;33
2026-03-13T02:00:21.000;2026-03-12T19:00:21.000;20.0;-11.95;1157.34;12.68;20.34;1
2026-03-13T02:31:48.000;2026-03-12T19:31:48.000;19.26;-11.81;1.56;19.86;20.34;3
2026-03-13T02:42:16.000;2026-03-12T19:42:16.000;18.02;-11.27;0.49;21.13;20.34;4
2026-03-13T02:52:33.000;2026-03-12T19:52:33.000;17.26;-10.57;0.46;21.19;20.34;5
2026-03-13T03:18:14.000;2026-03-12T20:18:14.000;18.82;-12.22;0.62;20.85;20.34;6
2026-03-13T04:20:30.000;2026-03-12T21:20:30.000;18.31;-13.25;0.52;21.04;20.34;9
2026-03-13T04:57:06.000;2026-03-12T21:57:06.000;17.76;-13.21;0.5;21.08;20.34;11
2026-03-13T05:57:46.000;2026-03-12T22:57:46.000;18.85;-14.82;0.5;21.09;20.34;12
2026-03-14T02:42:00.000;2026-03-13T19:42:00.000;23.52;-15.49;451.67;13.7;20.34;1
2026-03-14T02:57:46.000;2026-03-13T19:57:46.000;20.95;-14.87;0.66;20.79;20.34;2
2026-03-14T03:13:22.000;2026-03-13T20:13:22.000;20.71;-14.78;0.64;20.82;20.34;3
2026-03-14T03:44:44.000;2026-03-13T20:44:44.000;18.97;-16.13;0.58;20.94;20.34;5
2026-03-14T03:55:08.000;2026-03-13T20:55:08.000;17.2;-15.99;0.34;21.53;20.34;6
2026-03-14T04:40:43.000;2026-03-13T21:40:43.000;20.16;-16.7;0.54;21.01;20.34;7
2026-03-14T05:11:38.000;2026-03-13T22:11:38.000;19.94;-16.81;0.54;21.01;20.34;8
2026-03-14T05:21:59.000;2026-03-13T22:21:59.000;16.86;-16.2;0.3;21.66;20.34;9
2026-03-20T02:20:20.000;2026-03-19T19:20:20.000;25.2;-7.61;38.76;16.37;20.34;2
2026-03-20T03:21:02.000;2026-03-19T20:21:02.000;26.77;-9.19;0.81;20.56;20.34;3
2026-03-20T04:06:52.000;2026-03-19T21:06:52.000;25.37;-9.7;0.61;20.87;20.34;4
2026-03-21T01:54:10.000;2026-03-20T18:54:10.000;26.57;-7.19;5229.16;11.04;20.34;1
2026-03-21T02:04:29.000;2026-03-20T19:04:29.000;26.77;-7.55;294.31;14.17;20.34;2
2026-03-21T02:14:47.000;2026-03-20T19:14:47.000;26.99;-7.36;26.66;16.78;20.34;3
2026-03-21T02:40:53.000;2026-03-20T19:40:53.000;26.76;-8.52;0.97;20.37;20.34;5
2026-03-21T02:51:16.000;2026-03-20T19:51:16.000;25.71;-8.69;0.52;21.05;20.34;6
2026-03-21T03:01:37.000;2026-03-20T20:01:37.000;25.19;-7.43;0.41;21.3;20.34;7
2026-03-21T03:12:03.000;2026-03-20T20:12:03.000;24.79;-7.96;0.47;21.16;20.34;8
2026-03-21T03:27:45.000;2026-03-20T20:27:45.000;22.97;-9.39;0.56;20.97;20.34;9
2026-03-22T02:28:11.000;2026-03-21T19:28:11.000;31.33;-9.23;780.92;13.11;20.34;1
2026-03-22T03:24:59.000;2026-03-21T20:24:59.000;29.11;-9.4;0.58;20.93;20.34;4
2026-03-22T03:35:19.000;2026-03-21T20:35:19.000;26.31;-8.98;0.33;21.54;20.34;5
2026-03-22T03:50:52.000;2026-03-21T20:50:52.000;26.38;-8.58;0.52;21.04;20.34;6
2026-03-22T05:33:02.000;2026-03-21T22:33:02.000;23.76;-9.15;0.42;21.27;20.34;9
2026-03-22T06:50:45.000;2026-03-21T23:50:45.000;23.89;-9.54;0.39;21.37;20.34;13
2026-03-23T02:09:22.000;2026-03-22T19:09:22.000;23.37;-2.87;177.84;14.71;20.34;2
2026-03-23T02:19:39.000;2026-03-22T19:19:39.000;22.39;-2.96;28.0;16.72;20.34;3
2026-03-23T02:35:11.000;2026-03-22T19:35:11.000;23.01;-4.02;3.74;18.91;20.34;4
2026-03-23T02:45:32.000;2026-03-22T19:45:32.000;23.07;-6.35;0.94;20.41;20.34;5
2026-03-23T02:55:48.000;2026-03-22T19:55:48.000;22.19;-8.07;0.77;20.63;20.34;6
2026-03-23T03:06:04.000;2026-03-22T20:06:04.000;21.66;-9.37;0.61;20.87;20.34;7
2026-03-23T03:16:20.000;2026-03-22T20:16:20.000;21.2;-9.55;0.78;20.61;20.34;8
2026-03-23T03:26:41.000;2026-03-22T20:26:41.000;20.87;-9.93;0.54;21.0;20.34;9
2026-03-23T03:37:02.000;2026-03-22T20:37:02.000;20.69;-10.74;0.51;21.06;20.34;10
2026-03-23T03:57:52.000;2026-03-22T20:57:52.000;20.13;-10.82;0.46;21.17;20.34;12
2026-03-23T04:24:16.000;2026-03-22T21:24:16.000;21.93;-11.73;0.43;21.26;20.34;14
2026-03-23T04:34:46.000;2026-03-22T21:34:46.000;20.15;-12.59;0.42;21.29;20.34;15
2026-03-23T04:55:34.000;2026-03-22T21:55:34.000;17.49;-12.43;0.39;21.35;20.34;17
2026-03-23T05:11:09.000;2026-03-22T22:11:09.000;18.99;-12.21;0.55;21.0;20.34;18
2026-03-23T05:21:38.000;2026-03-22T22:21:38.000;18.25;-13.48;0.41;21.3;20.34;19
2026-03-23T05:42:09.000;2026-03-22T22:42:09.000;18.3;-13.67;0.48;21.14;20.34;20
2026-03-23T05:52:33.000;2026-03-22T22:52:33.000;17.6;-12.15;0.3;21.64;20.34;21
2026-03-23T06:02:47.000;2026-03-22T23:02:47.000;16.4;-11.05;0.56;20.97;20.34;22
2026-03-23T06:13:03.000;2026-03-22T23:13:03.000;15.74;-9.96;0.47;21.16;20.34;23
2026-03-23T06:28:40.000;2026-03-22T23:28:40.000;16.25;-10.61;0.68;20.76;20.34;24
2026-03-23T06:39:06.000;2026-03-22T23:39:06.000;17.53;-11.18;0.39;21.35;20.34;25
2026-03-23T07:10:20.000;2026-03-23T00:10:20.000;18.75;-13.27;0.45;21.21;20.34;27
2026-03-23T07:41:41.000;2026-03-23T00:41:41.000;17.95;-14.18;0.44;21.23;20.34;29
2026-03-23T07:52:07.000;2026-03-23T00:52:07.000;16.62;-13.19;0.33;21.53;20.34;30
2026-03-23T08:29:04.000;2026-03-23T01:29:04.000;16.91;-11.66;0.52;21.06;20.34;33
2026-03-23T09:00:32.000;2026-03-23T02:00:32.000;16.12;-13.66;0.57;20.95;20.34;35
2026-03-23T09:10:54.000;2026-03-23T02:10:54.000;15.87;-13.98;0.31;21.62;20.34;36
2026-03-23T09:41:54.000;2026-03-23T02:41:54.000;18.91;-15.02;0.47;21.16;20.34;38
2026-03-23T10:08:13.000;2026-03-23T03:08:13.000;18.46;-14.35;0.54;21.01;20.34;40
2026-03-23T10:23:52.000;2026-03-23T03:23:52.000;17.04;-14.87;0.51;21.07;20.34;41
2026-03-23T10:34:11.000;2026-03-23T03:34:11.000;15.54;-12.86;0.55;20.99;20.34;42
2026-03-23T10:49:47.000;2026-03-23T03:49:47.000;14.57;-13.24;0.62;20.86;20.34;43
2026-03-23T11:00:08.000;2026-03-23T04:00:08.000;14.43;-13.93;0.49;21.11;20.34;44
2026-03-23T11:10:21.000;2026-03-23T04:10:21.000;12.86;-14.35;0.41;21.3;20.34;45
2026-03-23T11:20:36.000;2026-03-23T04:20:36.000;12.18;-15.5;0.33;21.53;20.34;46
2026-03-23T11:51:42.000;2026-03-23T04:51:42.000;12.23;-15.97;0.28;21.74;20.34;49
2026-03-23T12:07:30.000;2026-03-23T05:07:30.000;12.73;-15.51;0.61;20.87;20.34;50
2026-03-24T02:02:09.000;2026-03-23T19:02:09.000;21.6;-12.21;2225.97;11.97;20.34;1
2026-03-24T02:22:48.000;2026-03-23T19:22:48.000;22.59;-12.97;33.81;16.52;20.34;2
2026-03-24T02:43:30.000;2026-03-23T19:43:30.000;19.33;-12.87;1.71;19.76;20.34;4
2026-03-24T02:53:49.000;2026-03-23T19:53:49.000;18.61;-12.48;1.33;20.03;20.34;5
2026-03-24T03:04:08.000;2026-03-23T20:04:08.000;17.79;-12.52;1.49;19.91;20.34;6
2026-03-24T03:14:24.000;2026-03-23T20:14:24.000;17.67;-13.33;1.42;19.96;20.34;7
2026-03-24T03:30:09.000;2026-03-23T20:30:09.000;18.59;-13.73;1.33;20.03;20.34;8
2026-03-24T03:40:42.000;2026-03-23T20:40:42.000;18.97;-12.78;0.87;20.5;20.34;9
2026-03-24T03:51:00.000;2026-03-23T20:51:00.000;18.3;-12.56;0.81;20.56;20.34;10
2026-03-24T04:01:16.000;2026-03-23T21:01:16.000;18.03;-12.7;0.79;20.59;20.34;11
2026-03-24T04:11:33.000;2026-03-23T21:11:33.000;17.26;-11.73;0.84;20.53;20.34;12
2026-03-24T04:27:08.000;2026-03-23T21:27:08.000;18.73;-11.49;1.33;20.03;20.34;13
2026-03-24T04:37:30.000;2026-03-23T21:37:30.000;19.15;-11.17;0.93;20.42;20.34;14
2026-03-24T05:03:23.000;2026-03-23T22:03:23.000;19.26;-11.61;0.85;20.52;20.34;16
2026-03-24T05:39:42.000;2026-03-23T22:39:42.000;18.29;-13.44;0.72;20.7;20.34;18
2026-03-24T05:50:01.000;2026-03-23T22:50:01.000;16.14;-12.69;0.45;21.21;20.34;19
2026-03-24T06:00:16.000;2026-03-23T23:00:16.000;15.36;-11.42;0.45;21.2;20.34;20
2026-03-24T06:10:33.000;2026-03-23T23:10:33.000;15.12;-12.11;0.41;21.3;20.34;21
2026-03-24T06:20:52.000;2026-03-23T23:20:52.000;14.92;-11.74;0.4;21.33;20.34;22
2026-03-24T06:31:08.000;2026-03-23T23:31:08.000;14.08;-12.09;0.32;21.58;20.34;23
2026-03-24T06:46:46.000;2026-03-23T23:46:46.000;15.11;-12.14;0.51;21.08;20.34;24
2026-03-24T06:57:08.000;2026-03-23T23:57:08.000;15.45;-11.68;0.35;21.48;20.34;25
2026-03-24T07:07:25.000;2026-03-24T00:07:25.000;14.55;-11.12;0.33;21.55;20.34;26
2026-03-24T07:17:42.000;2026-03-24T00:17:42.000;14.15;-10.05;0.33;21.55;20.34;27
2026-03-24T07:28:00.000;2026-03-24T00:28:00.000;13.84;-8.65;0.4;21.33;20.34;28
2026-03-24T07:38:17.000;2026-03-24T00:38:17.000;13.47;-9.74;0.24;21.87;20.34;29
2026-03-24T07:53:34.000;2026-03-24T00:53:34.000;14.23;-11.49;0.4;21.35;20.34;30
2026-03-24T08:24:34.000;2026-03-24T01:24:34.000;15.72;-12.38;0.39;21.35;20.34;32
2026-03-24T08:35:00.000;2026-03-24T01:35:00.000;15.15;-12.59;0.18;22.22;20.34;33
2026-03-24T08:50:31.000;2026-03-24T01:50:31.000;14.23;-12.94;0.4;21.34;20.34;34
2026-03-24T09:00:52.000;2026-03-24T02:00:52.000;14.06;-13.72;0.28;21.71;20.34;35
2026-03-24T09:11:06.000;2026-03-24T02:11:06.000;12.71;-13.6;0.25;21.87;20.34;36
2026-03-24T09:21:22.000;2026-03-24T02:21:22.000;12.41;-13.7;0.24;21.87;20.34;37
2026-03-24T09:36:56.000;2026-03-24T02:36:56.000;13.06;-14.99;0.4;21.33;20.34;38
2026-03-24T10:02:47.000;2026-03-24T03:02:47.000;12.37;-15.33;0.4;21.33;20.34;40
2026-03-24T10:13:07.000;2026-03-24T03:13:07.000;12.21;-15.47;0.27;21.75;20.34;41
2026-03-24T10:28:41.000;2026-03-24T03:28:41.000;12.01;-16.23;0.41;21.31;20.34;42
2026-03-24T10:39:01.000;2026-03-24T03:39:01.000;11.67;-15.95;0.25;21.84;20.34;43
2026-03-24T10:49:14.000;2026-03-24T03:49:14.000;11.28;-15.83;0.25;21.84;20.34;44
2026-03-24T10:59:32.000;2026-03-24T03:59:32.000;11.31;-15.76;0.21;22.04;20.34;45
2026-03-24T11:09:46.000;2026-03-24T04:09:46.000;11.45;-15.72;0.25;21.85;20.34;46
2026-03-24T11:20:01.000;2026-03-24T04:20:01.000;11.77;-15.93;0.29;21.69;20.34;47
2026-03-24T11:30:15.000;2026-03-24T04:30:15.000;11.03;-16.02;0.23;21.93;20.34;48
2026-03-24T11:40:29.000;2026-03-24T04:40:29.000;10.77;-15.76;0.21;22.04;20.34;49
2026-03-24T11:50:46.000;2026-03-24T04:50:46.000;10.56;-16.11;0.23;21.92;20.34;50
2026-03-24T12:11:26.000;2026-03-24T05:11:26.000;12.13;-16.07;0.45;21.22;20.34;51
2026-03-24T12:21:48.000;2026-03-24T05:21:48.000;11.9;-15.55;0.51;21.07;20.34;52
2026-03-24T12:32:00.000;2026-03-24T05:32:00.000;10.74;-15.04;2.77;19.23;20.34;53
2026-03-25T02:29:05.000;2026-03-24T19:29:05.000;26.91;-15.45;11.05;17.73;20.34;1
2026-03-25T02:44:23.000;2026-03-24T19:44:23.000;23.76;-13.83;4.17;18.79;20.34;2
2026-03-25T02:54:55.000;2026-03-24T19:54:55.000;22.22;-12.75;3.0;19.15;20.34;3
2026-03-25T03:05:15.000;2026-03-24T20:05:15.000;20.77;-12.18;2.59;19.31;20.34;4
2026-03-25T03:15:35.000;2026-03-24T20:15:35.000;19.35;-11.57;2.34;19.42;20.34;5
2026-03-25T03:26:08.000;2026-03-24T20:26:08.000;18.33;-12.35;2.13;19.52;20.34;6
2026-03-25T03:36:25.000;2026-03-24T20:36:25.000;18.05;-12.38;2.12;19.52;20.34;7
2026-03-25T04:12:25.000;2026-03-24T21:12:25.000;19.86;-12.36;2.37;19.4;20.34;9
2026-03-25T04:23:02.000;2026-03-24T21:23:02.000;19.5;-12.73;1.97;19.6;20.34;10
2026-03-25T05:04:25.000;2026-03-24T22:04:25.000;16.02;-13.34;1.05;20.29;20.34;13
2026-03-25T06:42:05.000;2026-03-24T23:42:05.000;17.63;-14.81;0.85;20.52;20.34;17
2026-03-25T07:43:46.000;2026-03-25T00:43:46.000;16.63;-15.54;0.59;20.92;20.34;19
2026-03-25T07:54:16.000;2026-03-25T00:54:16.000;14.84;-14.93;0.38;21.4;20.34;20
2026-03-25T08:09:54.000;2026-03-25T01:09:54.000;14.15;-15.2;0.49;21.12;20.34;21
2026-03-25T08:25:33.000;2026-03-25T01:25:33.000;14.68;-15.2;0.43;21.25;20.34;22
2026-03-26T01:57:49.000;2026-03-25T18:57:49.000;23.74;-11.19;4983.61;11.1;20.34;1
2026-03-26T02:08:05.000;2026-03-25T19:08:05.000;24.03;-10.88;420.85;13.78;20.34;2
2026-03-26T02:18:20.000;2026-03-25T19:18:20.000;23.34;-10.78;134.89;15.02;20.34;3
2026-03-26T02:28:39.000;2026-03-25T19:28:39.000;23.96;-10.97;87.79;15.48;20.34;4
2026-03-26T02:38:59.000;2026-03-25T19:38:59.000;23.58;-10.43;38.99;16.36;20.34;5
2026-03-26T02:49:22.000;2026-03-25T19:49:22.000;23.07;-11.29;14.9;17.41;20.34;6
2026-03-26T02:59:38.000;2026-03-25T19:59:38.000;22.06;-11.47;11.53;17.69;20.34;7
2026-03-26T03:09:54.000;2026-03-25T20:09:54.000;21.62;-11.19;9.44;17.9;20.34;8
2026-03-26T03:20:08.000;2026-03-25T20:20:08.000;21.13;-11.47;7.63;18.13;20.34;9
2026-03-26T03:30:25.000;2026-03-25T20:30:25.000;20.54;-11.23;6.19;18.36;20.34;10
2026-03-26T03:40:43.000;2026-03-25T20:40:43.000;20.01;-10.96;5.3;18.53;20.34;11
2026-03-26T03:51:07.000;2026-03-25T20:51:07.000;19.42;-11.29;4.56;18.69;20.34;12
2026-03-26T04:06:42.000;2026-03-25T21:06:42.000;20.09;-11.38;4.29;18.76;20.34;13
2026-03-26T04:17:11.000;2026-03-25T21:17:11.000;19.78;-11.15;3.28;19.05;20.34;14
2026-03-26T04:32:35.000;2026-03-25T21:32:35.000;19.69;-11.28;3.33;19.04;20.34;15
2026-03-26T04:43:01.000;2026-03-25T21:43:01.000;19.01;-11.52;3.03;19.14;20.34;16
2026-03-26T04:53:16.000;2026-03-25T21:53:16.000;18.01;-10.37;3.11;19.11;20.34;17
2026-03-26T05:03:35.000;2026-03-25T22:03:35.000;16.98;-12.69;2.95;19.16;20.34;18
2026-03-26T05:24:22.000;2026-03-25T22:24:22.000;17.78;-12.79;3.27;19.06;20.34;19
2026-03-26T05:40:13.000;2026-03-25T22:40:13.000;18.18;-11.71;2.34;19.42;20.34;20
2026-03-26T05:55:57.000;2026-03-25T22:55:57.000;18.42;-11.2;1.89;19.65;20.34;21
2026-03-26T06:06:21.000;2026-03-25T23:06:21.000;18.42;-10.63;1.6;19.83;20.34;22
2026-03-26T06:32:19.000;2026-03-25T23:32:19.000;17.45;-10.58;1.61;19.83;20.34;24
2026-03-26T06:42:42.000;2026-03-25T23:42:42.000;17.59;-10.13;1.36;20.01;20.34;25
2026-03-26T06:52:56.000;2026-03-25T23:52:56.000;16.61;-10.34;1.11;20.23;20.34;26
2026-03-26T07:08:16.000;2026-03-26T00:08:16.000;16.72;-10.99;1.32;20.04;20.34;27
2026-03-26T07:18:38.000;2026-03-26T00:18:38.000;16.03;-12.0;0.95;20.39;20.34;28
2026-03-26T07:28:55.000;2026-03-26T00:28:55.000;14.62;-11.8;0.92;20.43;20.34;29
2026-03-26T07:39:09.000;2026-03-26T00:39:09.000;13.97;-11.85;0.87;20.49;20.34;30
2026-03-26T07:49:27.000;2026-03-26T00:49:27.000;13.69;-11.89;0.82;20.56;20.34;31
2026-03-26T07:59:42.000;2026-03-26T00:59:42.000;13.37;-11.92;0.75;20.65;20.34;32
2026-03-26T08:35:42.000;2026-03-26T01:35:42.000;16.98;-13.15;0.74;20.66;20.34;34
2026-03-26T08:46:10.000;2026-03-26T01:46:10.000;16.78;-13.08;0.46;21.19;20.34;35
2026-03-26T08:56:28.000;2026-03-26T01:56:28.000;15.52;-12.96;0.42;21.29;20.34;36
2026-03-26T09:06:43.000;2026-03-26T02:06:43.000;14.8;-12.54;0.37;21.41;20.34;37
2026-03-26T09:16:59.000;2026-03-26T02:16:59.000;14.21;-13.11;0.29;21.7;20.34;38
2026-03-26T09:32:34.000;2026-03-26T02:32:34.000;14.08;-13.46;0.42;21.28;20.34;39
2026-03-26T09:42:57.000;2026-03-26T02:42:57.000;14.13;-13.71;0.18;22.2;20.34;40
2026-03-26T10:03:37.000;2026-03-26T03:03:37.000;12.41;-14.25;0.28;21.74;20.34;42
2026-03-26T10:13:54.000;2026-03-26T03:13:54.000;12.44;-13.75;0.19;22.17;20.34;43
2026-03-26T10:24:13.000;2026-03-26T03:24:13.000;12.08;-13.7;0.21;22.03;20.34;44
2026-03-26T10:34:34.000;2026-03-26T03:34:34.000;12.17;-14.02;0.24;21.89;20.34;45
2026-03-26T10:45:06.000;2026-03-26T03:45:06.000;11.89;-13.94;0.29;21.68;20.34;46
2026-03-26T11:10:42.000;2026-03-26T04:10:42.000;15.04;-15.33;0.46;21.19;20.34;47
2026-03-26T11:21:13.000;2026-03-26T04:21:13.000;14.05;-15.23;0.26;21.81;20.34;48
2026-03-26T11:31:32.000;2026-03-26T04:31:32.000;12.87;-14.96;0.33;21.55;20.34;49
2026-03-26T11:57:41.000;2026-03-26T04:57:41.000;13.01;-15.0;0.3;21.66;20.34;51
2026-03-26T12:07:56.000;2026-03-26T05:07:56.000;12.27;-15.01;0.38;21.39;20.34;52
2026-03-26T12:33:38.000;2026-03-26T05:33:38.000;14.89;-16.12;2.83;19.21;20.34;53
2026-03-26T12:54:30.000;2026-03-26T05:54:30.000;14.63;-16.27;239.63;14.39;20.34;54
2026-03-27T02:04:32.000;2026-03-26T19:04:32.000;21.79;-11.56;2261.92;11.95;20.34;1
2026-03-27T02:14:58.000;2026-03-26T19:14:58.000;24.25;-11.71;212.72;14.52;20.34;2
2026-03-27T02:25:13.000;2026-03-26T19:25:13.000;24.69;-11.74;209.32;14.54;20.34;3
2026-03-27T02:35:29.000;2026-03-26T19:35:29.000;24.72;-12.03;271.86;14.25;20.34;4
2026-03-27T02:51:01.000;2026-03-26T19:51:01.000;25.28;-13.04;274.79;14.24;20.34;5
2026-03-27T03:01:25.000;2026-03-26T20:01:25.000;24.47;-12.86;180.66;14.7;20.34;6
2026-03-27T03:17:00.000;2026-03-26T20:17:00.000;23.45;-13.43;152.65;14.88;20.34;7
2026-03-27T03:27:22.000;2026-03-26T20:27:22.000;22.16;-13.67;77.54;15.62;20.34;8
2026-03-27T03:37:38.000;2026-03-26T20:37:38.000;19.77;-13.45;27.89;16.73;20.34;9
2026-03-27T03:47:57.000;2026-03-26T20:47:57.000;18.41;-13.37;18.44;17.18;20.34;10
2026-03-27T03:58:20.000;2026-03-26T20:58:20.000;17.6;-13.27;14.79;17.42;20.34;11
2026-03-27T04:08:37.000;2026-03-26T21:08:37.000;17.32;-13.31;12.25;17.62;20.34;12
2026-03-27T04:24:13.000;2026-03-26T21:24:13.000;17.76;-13.85;10.54;17.78;20.34;13
2026-03-27T04:39:55.000;2026-03-26T21:39:55.000;17.77;-14.15;8.1;18.07;20.34;14
2026-03-27T06:31:15.000;2026-03-26T23:31:15.000;21.53;-15.38;4.44;18.72;20.34;16
2026-03-27T06:57:31.000;2026-03-26T23:57:31.000;16.49;-14.37;2.07;19.55;20.34;18
2026-03-27T08:04:56.000;2026-03-27T01:04:56.000;15.2;-13.97;1.41;19.96;20.34;21
2026-03-27T09:06:12.000;2026-03-27T02:06:12.000;15.36;-14.49;0.76;20.64;20.34;23
2026-03-28T01:56:10.000;2026-03-27T18:56:10.000;24.88;-7.68;6701.04;10.77;20.34;1
2026-03-28T02:06:28.000;2026-03-27T19:06:28.000;24.26;-7.31;429.38;13.76;20.34;2
2026-03-28T02:52:38.000;2026-03-27T19:52:38.000;25.31;-8.71;111.53;15.22;20.34;5
2026-03-28T03:08:20.000;2026-03-27T20:08:20.000;25.56;-4.6;146.67;14.92;20.34;6
2026-03-28T03:23:57.000;2026-03-27T20:23:57.000;23.16;-9.9;192.51;14.63;20.34;7
2026-03-28T03:44:45.000;2026-03-27T20:44:45.000;21.05;-10.4;141.01;14.97;20.34;9
2026-03-28T04:05:18.000;2026-03-27T21:05:18.000;21.14;-11.13;113.75;15.2;20.34;10
2026-03-28T04:26:04.000;2026-03-27T21:26:04.000;21.46;-11.26;33.47;16.53;20.34;11
2026-03-28T04:36:31.000;2026-03-27T21:36:31.000;19.5;-11.09;20.62;17.05;20.34;12
2026-03-28T04:46:50.000;2026-03-27T21:46:50.000;18.78;-9.22;18.22;17.19;20.34;13
2026-03-28T04:57:07.000;2026-03-27T21:57:07.000;18.2;-8.94;14.93;17.4;20.34;14
2026-03-28T05:07:27.000;2026-03-27T22:07:27.000;18.1;-8.91;12.61;17.59;20.34;15
2026-03-28T05:17:42.000;2026-03-27T22:17:42.000;17.14;-8.18;12.32;17.61;20.34;16
2026-03-28T05:43:25.000;2026-03-27T22:43:25.000;20.39;-8.34;10.83;17.75;20.34;17
2026-03-28T05:53:50.000;2026-03-27T22:53:50.000;21.44;-6.86;8.06;18.07;20.34;18
2026-03-28T06:04:06.000;2026-03-27T23:04:06.000;20.4;-8.36;7.07;18.22;20.34;19
2026-03-28T06:14:23.000;2026-03-27T23:14:23.000;19.7;-7.0;6.82;18.26;20.34;20
2026-03-28T06:24:40.000;2026-03-27T23:24:40.000;19.87;-7.18;7.12;18.21;20.34;21
2026-03-28T06:34:56.000;2026-03-27T23:34:56.000;20.36;-6.25;7.13;18.21;20.34;22
2026-03-28T06:45:17.000;2026-03-27T23:45:17.000;19.35;-7.81;6.12;18.37;20.34;23
2026-03-28T06:55:37.000;2026-03-27T23:55:37.000;19.05;-7.31;6.33;18.34;20.34;24
2026-03-28T07:05:52.000;2026-03-28T00:05:52.000;19.86;-7.24;5.48;18.49;20.34;25
2026-03-28T07:16:07.000;2026-03-28T00:16:07.000;19.24;-7.23;4.16;18.79;20.34;26
2026-03-28T07:26:30.000;2026-03-28T00:26:30.000;18.5;-7.0;4.95;18.6;20.34;27
2026-03-28T07:41:49.000;2026-03-28T00:41:49.000;20.47;-7.91;4.19;18.78;20.34;28
2026-03-28T07:52:18.000;2026-03-28T00:52:18.000;20.22;-8.52;3.38;19.02;20.34;29
2026-03-28T08:23:25.000;2026-03-28T01:23:25.000;20.52;-8.3;2.75;19.24;20.34;31
2026-03-28T08:53:56.000;2026-03-28T01:53:56.000;22.42;-8.26;3.11;19.11;20.34;32
2026-03-28T09:04:21.000;2026-03-28T02:04:21.000;20.84;-4.97;2.22;19.47;20.34;33
2026-03-28T09:19:52.000;2026-03-28T02:19:52.000;19.36;-7.66;2.66;19.28;20.34;34
2026-03-28T09:30:13.000;2026-03-28T02:30:13.000;18.89;-7.1;1.98;19.6;20.34;35
2026-03-28T09:45:53.000;2026-03-28T02:45:53.000;19.72;-8.05;1.34;20.02;20.34;36
2026-03-28T09:56:19.000;2026-03-28T02:56:19.000;19.73;-3.49;1.15;20.19;20.34;37
2026-03-28T10:06:36.000;2026-03-28T03:06:36.000;18.55;-8.97;1.02;20.31;20.34;38
2026-03-28T10:17:02.000;2026-03-28T03:17:02.000;18.98;-8.7;0.64;20.83;20.34;39
2026-03-28T10:27:19.000;2026-03-28T03:27:19.000;18.35;-9.06;0.55;20.98;20.34;40
2026-03-28T10:37:39.000;2026-03-28T03:37:39.000;18.02;-8.46;0.44;21.24;20.34;41
2026-03-28T10:47:55.000;2026-03-28T03:47:55.000;18.65;-4.73;0.34;21.5;20.34;42
2026-03-28T11:33:59.000;2026-03-28T04:33:59.000;19.43;-10.22;0.32;21.59;20.34;44
2026-03-28T11:44:13.000;2026-03-28T04:44:13.000;18.04;-9.11;0.37;21.43;20.34;45
2026-03-28T11:54:26.000;2026-03-28T04:54:26.000;17.64;-7.71;0.32;21.58;20.34;46
2026-03-28T12:04:40.000;2026-03-28T05:04:40.000;17.48;-7.52;0.36;21.44;20.34;47
2026-03-28T12:14:56.000;2026-03-28T05:14:56.000;17.25;-8.43;0.63;20.84;20.34;48
2026-03-28T12:25:17.000;2026-03-28T05:25:17.000;16.98;-9.6;2.14;19.52;20.34;49
2026-03-28T12:35:36.000;2026-03-28T05:35:36.000;16.74;-9.47;12.65;17.59;20.34;50
2026-03-28T12:51:17.000;2026-03-28T05:51:17.000;17.26;-10.07;268.65;14.27;20.34;51
2026-03-29T01:56:47.000;2026-03-28T18:56:47.000;21.85;-3.14;7461.42;10.66;20.34;1
2026-03-29T02:07:01.000;2026-03-28T19:07:01.000;22.51;-3.87;485.9;13.62;20.34;2
2026-03-29T02:17:22.000;2026-03-28T19:17:22.000;22.27;-4.21;48.66;16.12;20.34;3
2026-03-29T02:27:36.000;2026-03-28T19:27:36.000;22.2;-4.05;16.18;17.32;20.34;4
2026-03-29T02:42:55.000;2026-03-28T19:42:55.000;22.8;-4.89;16.12;17.32;20.34;5
2026-03-29T02:53:22.000;2026-03-28T19:53:22.000;23.41;-4.45;15.56;17.36;20.34;6
2026-03-29T03:13:55.000;2026-03-28T20:13:55.000;24.71;-5.61;26.16;16.8;20.34;7
2026-03-29T03:29:41.000;2026-03-28T20:29:41.000;24.34;-5.48;36.19;16.44;20.34;8
2026-03-29T03:55:39.000;2026-03-28T20:55:39.000;23.64;0.49;48.63;16.12;20.34;10
2026-03-29T04:21:37.000;2026-03-28T21:21:37.000;23.73;2.33;61.26;15.87;20.34;12
2026-03-29T04:37:17.000;2026-03-28T21:37:17.000;24.2;-1.34;45.14;16.2;20.34;13
2026-03-29T04:47:45.000;2026-03-28T21:47:45.000;22.99;-2.37;36.28;16.44;20.34;14
2026-03-29T05:18:42.000;2026-03-28T22:18:42.000;22.35;-6.27;28.38;16.71;20.34;16
2026-03-29T05:29:12.000;2026-03-28T22:29:12.000;21.98;-5.59;20.45;17.06;20.34;17
2026-03-29T05:44:50.000;2026-03-28T22:44:50.000;22.29;-2.31;22.74;16.95;20.34;18
2026-03-29T06:00:31.000;2026-03-28T23:00:31.000;23.15;1.94;27.68;16.73;20.34;19
2026-03-29T06:26:44.000;2026-03-28T23:26:44.000;22.63;2.88;14.56;17.43;20.34;21
2026-03-29T06:37:03.000;2026-03-28T23:37:03.000;21.82;2.44;13.54;17.51;20.34;22
2026-03-29T06:47:18.000;2026-03-28T23:47:18.000;21.61;0.38;11.27;17.71;20.34;23
2026-03-29T07:18:54.000;2026-03-29T00:18:54.000;21.77;-4.28;13.44;17.52;20.34;25
2026-03-29T07:29:15.000;2026-03-29T00:29:15.000;21.05;-3.88;10.16;17.82;20.34;26
2026-03-29T07:39:34.000;2026-03-29T00:39:34.000;20.41;-0.3;9.25;17.92;20.34;27
2026-03-29T07:55:07.000;2026-03-29T00:55:07.000;21.93;3.49;10.17;17.82;20.34;28
2026-03-29T08:05:36.000;2026-03-29T01:05:36.000;21.5;0.73;7.91;18.09;20.34;29
2026-03-29T08:36:34.000;2026-03-29T01:36:34.000;21.19;5.54;10.89;17.75;20.34;31
2026-03-29T08:57:23.000;2026-03-29T01:57:23.000;20.48;5.41;8.18;18.06;20.34;33
2026-03-29T09:07:37.000;2026-03-29T02:07:37.000;20.33;4.97;6.54;18.3;20.34;34
2026-03-29T09:17:55.000;2026-03-29T02:17:55.000;20.16;5.43;6.16;18.37;20.34;35
2026-03-29T09:28:10.000;2026-03-29T02:28:10.000;19.67;-0.35;4.75;18.65;20.34;36
2026-03-29T09:38:27.000;2026-03-29T02:38:27.000;18.63;-3.35;5.09;18.57;20.34;37
2026-03-29T09:48:46.000;2026-03-29T02:48:46.000;18.45;-4.51;3.99;18.84;20.34;38
2026-03-29T09:59:00.000;2026-03-29T02:59:00.000;17.81;-4.63;3.97;18.84;20.34;39
2026-03-29T10:09:15.000;2026-03-29T03:09:15.000;17.81;-4.46;2.97;19.16;20.34;40
2026-03-29T10:24:33.000;2026-03-29T03:24:33.000;17.94;-4.79;3.23;19.07;20.34;41
2026-03-29T10:34:55.000;2026-03-29T03:34:55.000;18.44;-4.14;2.36;19.41;20.34;42
2026-03-29T10:45:09.000;2026-03-29T03:45:09.000;17.98;-3.88;1.96;19.61;20.34;43
2026-03-29T10:55:23.000;2026-03-29T03:55:23.000;17.19;-3.07;1.47;19.92;20.34;44
2026-03-29T11:05:38.000;2026-03-29T04:05:38.000;17.29;-2.63;1.01;20.33;20.34;45
2026-03-29T11:15:56.000;2026-03-29T04:15:56.000;17.59;-2.0;0.73;20.68;20.34;46
2026-03-29T11:26:19.000;2026-03-29T04:26:19.000;17.78;-1.48;0.51;21.08;20.34;47
2026-03-29T11:36:35.000;2026-03-29T04:36:35.000;17.96;-1.28;0.46;21.17;20.34;48
2026-03-29T11:46:50.000;2026-03-29T04:46:50.000;17.87;-1.11;0.47;21.15;20.34;49
2026-03-29T11:57:08.000;2026-03-29T04:57:08.000;17.94;-0.88;0.56;20.97;20.34;50
2026-03-29T12:07:23.000;2026-03-29T05:07:23.000;17.83;-1.22;0.59;20.91;20.34;51
2026-03-29T12:17:38.000;2026-03-29T05:17:38.000;17.58;-1.22;0.93;20.41;20.34;52
2026-03-29T12:27:53.000;2026-03-29T05:27:53.000;17.49;-1.05;3.71;18.92;20.34;53
2026-03-29T12:38:07.000;2026-03-29T05:38:07.000;16.84;-0.56;24.53;16.87;20.34;54
2026-03-29T12:48:22.000;2026-03-29T05:48:22.000;16.61;-0.15;267.84;14.27;20.34;55
2026-03-29T12:58:38.000;2026-03-29T05:58:38.000;16.19;0.83;3968.45;11.34;20.34;56
2026-03-30T01:38:12.000;2026-03-29T18:38:12.000;13.68;13.32;12299.4;10.12;20.34;1
2026-03-30T01:48:27.000;2026-03-29T18:48:27.000;14.44;12.89;3709.85;11.42;20.34;2
2026-03-30T01:58:44.000;2026-03-29T18:58:44.000;14.7;13.46;427.53;13.76;20.34;3
2026-03-30T02:08:59.000;2026-03-29T19:08:59.000;15.0;13.07;35.24;16.47;20.34;4
2026-03-30T02:19:17.000;2026-03-29T19:19:17.000;15.81;14.39;5.64;18.46;20.34;5
2026-03-30T02:29:35.000;2026-03-29T19:29:35.000;16.47;15.13;4.15;18.8;20.34;6
2026-03-30T03:16:11.000;2026-03-29T20:16:11.000;17.0;10.82;5.96;18.4;20.34;10
2026-03-30T03:26:32.000;2026-03-29T20:26:32.000;15.78;9.08;5.65;18.46;20.34;11
2026-03-30T03:36:55.000;2026-03-29T20:36:55.000;14.39;12.71;7.09;18.21;20.34;12
2026-03-30T03:47:10.000;2026-03-29T20:47:10.000;14.29;13.38;6.88;18.25;20.34;13
2026-03-30T03:57:26.000;2026-03-29T20:57:26.000;14.16;13.36;6.93;18.24;20.34;14
2026-03-30T05:03:08.000;2026-03-29T22:03:08.000;16.78;12.53;11.07;17.73;20.34;15
2026-03-31T02:07:36.000;2026-03-30T19:07:36.000;22.69;-3.35;2475.48;11.86;20.34;1
2026-03-31T03:10:02.000;2026-03-30T20:10:02.000;21.22;1.71;12.85;17.57;20.34;2
2026-03-31T03:20:19.000;2026-03-30T20:20:19.000;19.99;1.47;15.11;17.39;20.34;3
2026-03-31T03:30:35.000;2026-03-30T20:30:35.000;19.92;2.5;21.31;17.02;20.34;4
2026-03-31T03:40:50.000;2026-03-30T20:40:50.000;19.69;1.99;27.0;16.76;20.34;5
2026-03-31T03:51:06.000;2026-03-30T20:51:06.000;19.93;4.12;22.93;16.94;20.34;6
2026-03-31T04:01:23.000;2026-03-30T21:01:23.000;19.83;-1.65;13.05;17.55;20.34;7
2026-03-31T04:11:43.000;2026-03-30T21:11:43.000;19.43;-3.4;9.18;17.93;20.34;8
2026-03-31T04:27:16.000;2026-03-30T21:27:16.000;20.22;-2.35;19.62;17.11;20.34;9
2026-03-31T04:37:39.000;2026-03-30T21:37:39.000;19.75;-3.16;19.3;17.13;20.34;10
2026-03-31T04:53:12.000;2026-03-30T21:53:12.000;19.36;-4.41;25.38;16.83;20.34;11
2026-03-31T05:03:34.000;2026-03-30T22:03:34.000;18.86;-5.38;19.71;17.1;20.34;12
2026-03-31T05:19:07.000;2026-03-30T22:19:07.000;19.06;-5.29;24.42;16.87;20.34;13
2026-03-31T05:29:32.000;2026-03-30T22:29:32.000;19.08;-4.59;24.1;16.88;20.34;14
2026-03-31T05:45:13.000;2026-03-30T22:45:13.000;18.79;-5.14;26.69;16.77;20.34;15
2026-03-31T06:00:51.000;2026-03-30T23:00:51.000;19.2;-5.22;29.74;16.66;20.34;16
2026-03-31T06:11:10.000;2026-03-30T23:11:10.000;18.34;-4.84;27.13;16.76;20.34;17
2026-03-31T06:21:26.000;2026-03-30T23:21:26.000;17.04;-4.54;25.44;16.83;20.34;18
2026-03-31T06:31:41.000;2026-03-30T23:31:41.000;16.62;-3.02;32.01;16.58;20.34;19
2026-03-31T06:41:55.000;2026-03-30T23:41:55.000;16.69;-1.22;36.22;16.44;20.34;20
2026-03-31T06:52:10.000;2026-03-30T23:52:10.000;16.85;-3.74;25.59;16.82;20.34;21
2026-03-31T07:02:25.000;2026-03-31T00:02:25.000;16.66;-4.25;23.78;16.9;20.34;22
2026-03-31T07:12:54.000;2026-03-31T00:12:54.000;16.7;-4.07;22.38;16.97;20.34;23
2026-03-31T07:33:33.000;2026-03-31T00:33:33.000;17.62;-4.95;25.39;16.83;20.34;24
2026-03-31T07:43:55.000;2026-03-31T00:43:55.000;17.0;-3.73;23.78;16.9;20.34;25
2026-03-31T07:54:12.000;2026-03-31T00:54:12.000;16.74;-1.23;23.91;16.89;20.34;26
2026-03-31T08:04:28.000;2026-03-31T01:04:28.000;16.93;1.35;27.84;16.73;20.34;27
2026-03-31T08:14:50.000;2026-03-31T01:14:50.000;17.18;3.1;27.8;16.73;20.34;28
2026-03-31T08:25:07.000;2026-03-31T01:25:07.000;17.47;2.69;27.21;16.75;20.34;29
2026-03-31T08:35:23.000;2026-03-31T01:35:23.000;17.44;1.31;26.68;16.77;20.34;30
2026-03-31T08:45:40.000;2026-03-31T01:45:40.000;17.38;0.85;25.4;16.83;20.34;31
2026-03-31T09:01:16.000;2026-03-31T02:01:16.000;18.12;1.74;25.43;16.83;20.34;32
2026-03-31T09:16:41.000;2026-03-31T02:16:41.000;18.32;-1.65;15.45;17.37;20.34;33
2026-03-31T09:27:02.000;2026-03-31T02:27:02.000;17.65;1.05;15.43;17.37;20.34;34
2026-03-31T09:37:17.000;2026-03-31T02:37:17.000;17.14;2.99;15.28;17.38;20.34;35
2026-03-31T09:47:34.000;2026-03-31T02:47:34.000;17.28;2.94;15.66;17.35;20.34;36
2026-03-31T09:57:49.000;2026-03-31T02:57:49.000;16.84;1.04;16.12;17.32;20.34;37
2026-03-31T10:08:05.000;2026-03-31T03:08:05.000;15.91;3.05;14.09;17.47;20.34;38
2026-03-31T10:18:24.000;2026-03-31T03:18:24.000;16.62;0.73;13.38;17.52;20.34;39
2026-03-31T10:28:40.000;2026-03-31T03:28:40.000;16.3;-0.43;11.56;17.68;20.34;40
2026-03-31T10:38:56.000;2026-03-31T03:38:56.000;16.66;0.12;12.46;17.6;20.34;41
2026-03-31T10:49:14.000;2026-03-31T03:49:14.000;16.41;-2.45;7.82;18.11;20.34;42
2026-03-31T10:59:35.000;2026-03-31T03:59:35.000;16.28;-1.53;7.64;18.13;20.34;43
2026-03-31T11:09:53.000;2026-03-31T04:09:53.000;16.02;-2.87;6.66;18.28;20.34;44
2026-03-31T11:20:09.000;2026-03-31T04:20:09.000;16.14;-3.17;6.3;18.34;20.34;45
2026-03-31T11:30:27.000;2026-03-31T04:30:27.000;16.03;0.86;6.09;18.38;20.34;46
2026-03-31T11:40:53.000;2026-03-31T04:40:53.000;15.97;2.61;4.68;18.66;20.34;47
2026-03-31T11:56:30.000;2026-03-31T04:56:30.000;16.41;3.61;3.4;19.01;20.34;48
2026-03-31T12:06:52.000;2026-03-31T05:06:52.000;16.57;3.95;2.0;19.59;20.34;49
2026-03-31T12:27:34.000;2026-03-31T05:27:34.000;15.61;4.71;3.17;19.09;20.34;51
2026-03-31T12:37:53.000;2026-03-31T05:37:53.000;15.61;4.76;19.18;17.13;20.34;52
2026-03-31T12:53:19.000;2026-03-31T05:53:19.000;16.68;4.34;450.84;13.7;20.34;53
