# Definition of the community standard for skyglow observations 1.0
# URL: http://www.darksky.org/NSBM/sdf1.0.pdf
# Number of header lines: 35
# This data is released under the following license: ODbL 1.0 http://opendatacommons.org/licenses/odbl/summary/
# Device type: TESS-WDL
# Instrument ID: stars1414
# Data supplier: None / None
# Location name: Vatican Advanced Technology Telescope / Safford / Arizona / Arizona / United States 
# Position: 32.7013, -109.892, None
# Local timezone: America/Phoenix
# Time Synchronization: timestamp added by MQTT subscriber
# Moving / Stationary position: STATIONARY
# Moving / Fixed look direction: FIXED
# Number of channels: 1
# Filters per channel: None
# Measurement direction per channel: (0.0, 0.0)
# Field of view: 17.0
# Number of fields per line: 8
# TESS MAC address: D0:EF:76:11:23:98
# TESS firmware version: Oct 17 2024 v4.32
# TESS cover offset value: 0.0
# TESS zero point: 20.34
# Comment:  
# Comment:
# Comment:
# Comment:
# Comment:
# Comment: Current Zero Point in the header corresponds to the UV/IR-cut channel
# Comment: MSAS = ZP - 2.5*log10(Frequency)
# blank line 30
# blank line 31
# blank line 32
# UTC Date & Time, Local Date & Time, Enclosure Temperature, Sky Temperature, Freq1, MSAS1, ZP1, Freq2, MSAS2, ZP2, Freq3,  MSAS3, ZP3, Freq4, MSAS4, ZP4, Sequence Number
# YYYY-MM-DDTHH:mm:ss.fff;YYYY-MM-DDTHH:mm:ss.fff;Celsius;Celsius;Hz;mag/arcsec^2;mag/arcsec^2;Hz;mag/arcsec^2;mag/arcsec^2;Hz;mag/arcsec^2;mag/arcsec^2;Hz;mag/arcsec^2;mag/arcsec^2; Multiple of Tx period
# END OF HEADER
2026-06-01T03:10:27.000;2026-05-31T20:10:27.000;26.56;-7.34;762.17;13.13;20.34;1
2026-06-01T03:20:57.000;2026-05-31T20:20:57.000;25.33;-6.66;4.41;18.73;20.34;2
2026-06-01T04:02:11.000;2026-05-31T21:02:11.000;26.87;-7.46;1.71;19.76;20.34;4
2026-06-01T04:17:50.000;2026-05-31T21:17:50.000;25.65;-7.01;2.17;19.5;20.34;5
2026-06-01T04:28:12.000;2026-05-31T21:28:12.000;24.65;-6.17;2.59;19.31;20.34;6
2026-06-01T04:38:28.000;2026-05-31T21:38:28.000;23.81;-5.75;2.83;19.21;20.34;7
2026-06-01T04:48:43.000;2026-05-31T21:48:43.000;23.18;-5.93;3.0;19.15;20.34;8
2026-06-01T04:59:01.000;2026-05-31T21:59:01.000;22.53;-6.21;3.18;19.08;20.34;9
2026-06-01T05:09:18.000;2026-05-31T22:09:18.000;21.95;-6.0;3.33;19.03;20.34;10
2026-06-01T05:19:34.000;2026-05-31T22:19:34.000;21.45;-5.61;3.48;18.99;20.34;11
2026-06-01T05:29:49.000;2026-05-31T22:29:49.000;21.61;-5.91;3.67;18.93;20.34;12
2026-06-01T05:45:24.000;2026-05-31T22:45:24.000;22.35;-6.4;4.37;18.74;20.34;13
2026-06-01T05:55:53.000;2026-05-31T22:55:53.000;21.88;-6.25;4.13;18.8;20.34;14
2026-06-01T06:11:30.000;2026-05-31T23:11:30.000;22.3;-6.68;4.75;18.65;20.34;15
2026-06-01T06:21:55.000;2026-05-31T23:21:55.000;21.69;-6.32;4.4;18.73;20.34;16
2026-06-01T06:32:09.000;2026-05-31T23:32:09.000;20.48;-6.12;4.51;18.7;20.34;17
2026-06-01T06:42:27.000;2026-05-31T23:42:27.000;19.53;-6.57;4.68;18.66;20.34;18
2026-06-01T06:52:45.000;2026-05-31T23:52:45.000;18.72;-6.9;4.79;18.64;20.34;19
2026-06-01T07:03:00.000;2026-06-01T00:03:00.000;18.34;-6.12;4.88;18.62;20.34;20
2026-06-01T07:13:30.000;2026-06-01T00:13:30.000;18.54;-6.26;4.88;18.62;20.34;21
2026-06-01T07:24:01.000;2026-06-01T00:24:01.000;18.46;-7.07;4.99;18.59;20.34;22
2026-06-01T08:26:40.000;2026-06-01T01:26:40.000;18.14;-8.1;5.54;18.48;20.34;26
2026-06-01T08:42:18.000;2026-06-01T01:42:18.000;18.13;-7.74;5.45;18.5;20.34;27
2026-06-01T08:52:41.000;2026-06-01T01:52:41.000;17.78;-7.99;4.82;18.63;20.34;28
2026-06-01T09:02:56.000;2026-06-01T02:02:56.000;16.01;-8.35;4.7;18.66;20.34;29
2026-06-01T09:13:10.000;2026-06-01T02:13:10.000;15.17;-8.47;4.66;18.67;20.34;30
2026-06-01T09:23:25.000;2026-06-01T02:23:25.000;14.86;-7.2;4.49;18.71;20.34;31
2026-06-01T09:33:39.000;2026-06-01T02:33:39.000;14.9;-7.37;4.42;18.73;20.34;32
2026-06-01T09:43:54.000;2026-06-01T02:43:54.000;14.6;-8.14;3.6;18.95;20.34;33
2026-06-01T09:59:28.000;2026-06-01T02:59:28.000;15.13;-8.33;2.72;19.25;20.34;34
2026-06-01T10:09:54.000;2026-06-01T03:09:54.000;15.89;-8.25;2.35;19.41;20.34;35
2026-06-01T10:20:09.000;2026-06-01T03:20:09.000;15.04;-8.28;2.36;19.41;20.34;36
2026-06-01T10:30:27.000;2026-06-01T03:30:27.000;14.89;-8.55;2.29;19.44;20.34;37
2026-06-01T10:40:41.000;2026-06-01T03:40:41.000;14.56;-8.71;2.27;19.45;20.34;38
2026-06-01T10:50:58.000;2026-06-01T03:50:58.000;14.49;-9.16;2.2;19.48;20.34;39
2026-06-01T11:01:14.000;2026-06-01T04:01:14.000;14.29;-8.68;2.25;19.46;20.34;40
2026-06-01T11:11:29.000;2026-06-01T04:11:29.000;14.61;-8.93;2.6;19.3;20.34;41
2026-06-01T11:21:48.000;2026-06-01T04:21:48.000;14.28;-9.25;4.82;18.63;20.34;42
2026-06-01T11:32:02.000;2026-06-01T04:32:02.000;13.64;-9.5;17.91;17.21;20.34;43
2026-06-01T11:42:19.000;2026-06-01T04:42:19.000;13.7;-9.0;102.3;15.32;20.34;44
2026-06-01T11:52:34.000;2026-06-01T04:52:34.000;13.36;-9.13;911.3;12.94;20.34;45
2026-06-02T02:43:48.000;2026-06-01T19:43:48.000;24.89;-1.03;6273.58;10.85;20.34;1
2026-06-02T02:59:21.000;2026-06-01T19:59:21.000;26.37;-4.29;287.19;14.19;20.34;2
2026-06-02T03:45:54.000;2026-06-01T20:45:54.000;26.92;-5.8;0.6;20.89;20.34;4
2026-06-02T04:06:38.000;2026-06-01T21:06:38.000;24.36;-4.86;0.48;21.14;20.34;6
2026-06-02T04:32:10.000;2026-06-01T21:32:10.000;26.23;-6.46;0.99;20.35;20.34;7
2026-06-02T04:47:52.000;2026-06-01T21:47:52.000;24.96;-6.04;1.43;19.95;20.34;8
2026-06-02T05:03:32.000;2026-06-01T22:03:32.000;24.43;-5.9;1.74;19.74;20.34;9
2026-06-02T05:13:52.000;2026-06-01T22:13:52.000;23.47;-5.52;1.93;19.63;20.34;10
2026-06-02T05:24:12.000;2026-06-01T22:24:12.000;22.77;-5.03;2.21;19.48;20.34;11
2026-06-02T05:39:29.000;2026-06-01T22:39:29.000;22.92;-5.59;2.69;19.26;20.34;12
2026-06-02T05:49:54.000;2026-06-01T22:49:54.000;22.75;-5.24;2.6;19.3;20.34;13
2026-06-02T06:26:09.000;2026-06-01T23:26:09.000;22.74;-6.41;3.31;19.04;20.34;15
2026-06-02T08:04:34.000;2026-06-02T01:04:34.000;17.77;-5.68;4.09;18.81;20.34;20
2026-06-02T08:14:49.000;2026-06-02T01:14:49.000;16.88;-5.83;4.08;18.81;20.34;21
2026-06-02T08:25:13.000;2026-06-02T01:25:13.000;16.77;-5.67;4.13;18.8;20.34;22
2026-06-02T09:11:20.000;2026-06-02T02:11:20.000;20.21;-7.29;4.69;18.66;20.34;24
2026-06-02T10:14:22.000;2026-06-02T03:14:22.000;15.66;-7.37;3.86;18.87;20.34;29
2026-06-02T11:27:20.000;2026-06-02T04:27:20.000;16.54;-8.02;6.75;18.27;20.34;33
2026-06-03T02:50:42.000;2026-06-02T19:50:42.000;27.43;-3.29;2850.74;11.7;20.34;1
2026-06-03T03:01:06.000;2026-06-02T20:01:06.000;27.31;-3.77;117.55;15.16;20.34;2
2026-06-03T03:11:24.000;2026-06-02T20:11:24.000;26.67;-3.77;16.06;17.33;20.34;3
2026-06-03T03:21:44.000;2026-06-02T20:21:44.000;26.04;-4.17;3.33;19.03;20.34;4
2026-06-03T03:32:03.000;2026-06-02T20:32:03.000;25.64;-3.83;0.9;20.45;20.34;5
2026-06-03T03:47:39.000;2026-06-02T20:47:39.000;26.19;-4.9;0.58;20.94;20.34;6
2026-06-03T03:58:00.000;2026-06-02T20:58:00.000;25.78;-4.73;0.35;21.48;20.34;7
2026-06-03T04:08:15.000;2026-06-02T21:08:15.000;24.87;-4.71;0.33;21.53;20.34;8
2026-06-03T04:23:48.000;2026-06-02T21:23:48.000;25.14;-5.52;0.47;21.15;20.34;9
2026-06-03T04:34:12.000;2026-06-02T21:34:12.000;24.28;-5.41;0.34;21.51;20.34;10
2026-06-03T04:44:28.000;2026-06-02T21:44:28.000;23.0;-5.44;0.32;21.58;20.34;11
2026-06-03T04:54:45.000;2026-06-02T21:54:45.000;22.57;-5.07;0.45;21.21;20.34;12
2026-06-03T05:15:16.000;2026-06-02T22:15:16.000;22.67;-5.11;0.75;20.65;20.34;14
2026-06-03T05:25:31.000;2026-06-02T22:25:31.000;22.02;-5.35;0.86;20.5;20.34;15
2026-06-03T05:35:49.000;2026-06-02T22:35:49.000;21.8;-5.35;0.96;20.39;20.34;16
2026-06-03T05:46:04.000;2026-06-02T22:46:04.000;21.23;-5.96;1.2;20.14;20.34;17
2026-06-03T06:07:13.000;2026-06-02T23:07:13.000;19.58;-6.45;1.7;19.77;20.34;19
2026-06-03T06:22:48.000;2026-06-02T23:22:48.000;19.72;-6.66;2.12;19.52;20.34;20
2026-06-03T06:33:11.000;2026-06-02T23:33:11.000;20.53;-6.58;2.06;19.55;20.34;21
2026-06-03T06:43:36.000;2026-06-02T23:43:36.000;19.52;-6.71;2.16;19.5;20.34;22
2026-06-03T06:53:56.000;2026-06-02T23:53:56.000;19.41;-6.31;2.26;19.45;20.34;23
2026-06-03T08:38:10.000;2026-06-03T01:38:10.000;18.15;-9.09;3.57;18.96;20.34;29
2026-06-03T08:58:56.000;2026-06-03T01:58:56.000;15.51;-8.85;3.3;19.04;20.34;31
2026-06-03T09:09:12.000;2026-06-03T02:09:12.000;14.64;-8.63;3.35;19.03;20.34;32
2026-06-03T09:19:32.000;2026-06-03T02:19:32.000;14.37;-8.45;3.38;19.02;20.34;33
2026-06-03T09:29:48.000;2026-06-03T02:29:48.000;14.05;-8.86;3.45;19.0;20.34;34
2026-06-03T09:40:04.000;2026-06-03T02:40:04.000;13.75;-8.53;3.41;19.01;20.34;35
2026-06-03T09:50:21.000;2026-06-03T02:50:21.000;14.08;-8.64;3.41;19.01;20.34;36
2026-06-03T10:00:37.000;2026-06-03T03:00:37.000;14.2;-8.78;3.45;19.0;20.34;37
2026-06-03T10:10:54.000;2026-06-03T03:10:54.000;13.71;-8.6;3.43;19.0;20.34;38
2026-06-03T10:21:09.000;2026-06-03T03:21:09.000;13.81;-8.61;3.35;19.03;20.34;39
2026-06-03T10:31:29.000;2026-06-03T03:31:29.000;13.72;-8.83;3.31;19.04;20.34;40
2026-06-03T10:41:48.000;2026-06-03T03:41:48.000;13.67;-8.78;3.32;19.04;20.34;41
2026-06-03T10:52:03.000;2026-06-03T03:52:03.000;13.36;-8.86;3.25;19.06;20.34;42
2026-06-03T11:02:22.000;2026-06-03T04:02:22.000;13.53;-8.78;3.24;19.06;20.34;43
2026-06-03T11:12:38.000;2026-06-03T04:12:38.000;13.28;-8.51;3.56;18.96;20.34;44
2026-06-03T11:22:53.000;2026-06-03T04:22:53.000;13.36;-8.81;4.76;18.65;20.34;45
2026-06-03T11:33:07.000;2026-06-03T04:33:07.000;13.37;-9.18;14.21;17.46;20.34;46
2026-06-03T11:43:21.000;2026-06-03T04:43:21.000;13.18;-9.18;90.05;15.45;20.34;47
2026-06-03T11:53:37.000;2026-06-03T04:53:37.000;13.64;-8.4;900.97;12.95;20.34;48
2026-06-04T03:01:47.000;2026-06-03T20:01:47.000;29.57;11.45;228.64;14.44;20.34;2
2026-06-04T03:12:01.000;2026-06-03T20:12:01.000;29.04;11.17;37.77;16.4;20.34;3
2026-06-04T03:32:36.000;2026-06-03T20:32:36.000;30.25;9.89;4.83;18.63;20.34;4
2026-06-04T03:42:57.000;2026-06-03T20:42:57.000;29.22;11.29;1.67;19.78;20.34;5
2026-06-04T03:53:13.000;2026-06-03T20:53:13.000;28.01;4.79;0.75;20.66;20.34;6
2026-06-04T06:46:38.000;2026-06-03T23:46:38.000;24.23;1.34;3.54;18.97;20.34;11
2026-06-04T07:12:40.000;2026-06-04T00:12:40.000;24.2;1.15;3.75;18.9;20.34;13
2026-06-04T08:54:40.000;2026-06-04T01:54:40.000;22.51;-1.44;3.68;18.92;20.34;15
2026-06-04T09:04:58.000;2026-06-04T02:04:58.000;20.78;-1.95;3.26;19.06;20.34;16
2026-06-04T09:20:29.000;2026-06-04T02:20:29.000;19.74;-2.38;3.41;19.01;20.34;17
2026-06-04T09:30:48.000;2026-06-04T02:30:48.000;19.1;-2.09;3.42;19.0;20.34;18
2026-06-04T09:41:01.000;2026-06-04T02:41:01.000;18.02;-2.16;2.49;19.35;20.34;19
2026-06-04T10:07:03.000;2026-06-04T03:07:03.000;18.3;-1.2;4.03;18.83;20.34;21
2026-06-04T10:17:25.000;2026-06-04T03:17:25.000;18.94;1.63;6.87;18.25;20.34;22
2026-06-04T10:32:57.000;2026-06-04T03:32:57.000;19.72;4.16;9.09;17.94;20.34;23
2026-06-04T10:43:29.000;2026-06-04T03:43:29.000;21.41;8.58;10.52;17.79;20.34;24
2026-06-05T02:56:33.000;2026-06-04T19:56:33.000;30.1;0.26;2645.38;11.78;20.34;1
2026-06-05T03:27:43.000;2026-06-04T20:27:43.000;27.5;2.79;3.26;19.06;20.34;4
2026-06-05T03:37:57.000;2026-06-04T20:37:57.000;27.37;6.33;1.41;19.97;20.34;5
2026-06-05T03:48:16.000;2026-06-04T20:48:16.000;27.16;8.52;1.03;20.31;20.34;6
2026-06-05T04:03:48.000;2026-06-04T21:03:48.000;27.68;3.71;0.61;20.87;20.34;7
2026-06-05T04:14:13.000;2026-06-04T21:14:13.000;26.65;-0.03;0.43;21.25;20.34;8
2026-06-05T04:39:53.000;2026-06-04T21:39:53.000;27.64;-3.69;0.5;21.08;20.34;9
2026-06-05T04:50:17.000;2026-06-04T21:50:17.000;25.51;-1.11;0.5;21.1;20.34;10
2026-06-05T05:00:38.000;2026-06-04T22:00:38.000;24.37;-3.49;0.28;21.73;20.34;11
2026-06-05T05:10:53.000;2026-06-04T22:10:53.000;23.93;-2.07;0.36;21.46;20.34;12
2026-06-05T05:26:30.000;2026-06-04T22:26:30.000;24.74;-3.02;0.5;21.08;20.34;13
2026-06-05T05:42:11.000;2026-06-04T22:42:11.000;25.1;-3.94;0.49;21.11;20.34;14
2026-06-05T05:57:48.000;2026-06-04T22:57:48.000;25.15;-3.72;0.49;21.11;20.34;15
2026-06-05T06:08:09.000;2026-06-04T23:08:09.000;24.39;-3.59;0.36;21.45;20.34;16
2026-06-05T06:28:44.000;2026-06-04T23:28:44.000;25.5;-4.21;0.69;20.74;20.34;17
2026-06-05T06:39:08.000;2026-06-04T23:39:08.000;24.39;-3.67;0.59;20.91;20.34;18
2026-06-05T07:49:41.000;2026-06-05T00:49:41.000;26.22;-6.01;1.3;20.05;20.34;19
2026-06-05T08:00:09.000;2026-06-05T01:00:09.000;21.49;-6.12;1.46;19.93;20.34;20
2026-06-05T08:10:33.000;2026-06-05T01:10:33.000;19.88;-4.96;1.75;19.73;20.34;21
2026-06-05T08:57:52.000;2026-06-05T01:57:52.000;19.34;-6.43;2.45;19.37;20.34;24
2026-06-06T02:47:27.000;2026-06-05T19:47:27.000;27.74;-2.35;4941.3;11.11;20.34;1
2026-06-06T02:57:41.000;2026-06-05T19:57:41.000;27.96;-2.63;424.45;13.77;20.34;2
2026-06-06T03:07:59.000;2026-06-05T20:07:59.000;27.61;-2.93;52.82;16.03;20.34;3
2026-06-06T03:28:39.000;2026-06-05T20:28:39.000;28.58;-4.57;5.12;18.57;20.34;4
2026-06-06T03:39:12.000;2026-06-05T20:39:12.000;27.06;-4.06;0.66;20.79;20.34;5
2026-06-06T03:54:50.000;2026-06-05T20:54:50.000;26.89;-4.51;0.53;21.03;20.34;6
2026-06-06T04:31:14.000;2026-06-05T21:31:14.000;25.77;-4.72;0.48;21.13;20.34;9
2026-06-06T04:41:38.000;2026-06-05T21:41:38.000;24.92;-4.15;0.21;22.01;20.34;10
2026-06-06T04:51:55.000;2026-06-05T21:51:55.000;23.79;-4.42;0.33;21.55;20.34;11
2026-06-06T05:02:12.000;2026-06-05T22:02:12.000;23.73;-4.43;0.26;21.79;20.34;12
2026-06-06T05:22:45.000;2026-06-05T22:22:45.000;23.22;-4.23;0.24;21.9;20.34;14
2026-06-06T05:38:18.000;2026-06-05T22:38:18.000;23.95;-4.63;0.47;21.15;20.34;15
2026-06-06T05:59:03.000;2026-06-05T22:59:03.000;22.89;-4.35;0.33;21.53;20.34;17
2026-06-06T06:09:22.000;2026-06-05T23:09:22.000;22.36;-4.79;0.33;21.55;20.34;18
2026-06-06T06:19:43.000;2026-06-05T23:19:43.000;22.58;-4.62;0.26;21.8;20.34;19
2026-06-06T06:29:59.000;2026-06-05T23:29:59.000;22.18;-4.54;0.29;21.69;20.34;20
2026-06-06T06:40:19.000;2026-06-05T23:40:19.000;22.04;-4.81;0.37;21.43;20.34;21
2026-06-06T06:50:49.000;2026-06-05T23:50:49.000;21.7;-4.6;0.33;21.53;20.34;22
2026-06-06T07:01:11.000;2026-06-06T00:01:11.000;21.9;-5.19;0.48;21.14;20.34;23
2026-06-06T07:11:29.000;2026-06-06T00:11:29.000;20.57;-5.26;0.63;20.85;20.34;24
2026-06-06T07:37:24.000;2026-06-06T00:37:24.000;19.52;-6.07;0.79;20.59;20.34;26
2026-06-06T07:47:44.000;2026-06-06T00:47:44.000;18.12;-5.93;0.88;20.48;20.34;27
2026-06-06T07:57:59.000;2026-06-06T00:57:59.000;17.76;-5.9;1.08;20.25;20.34;28
2026-06-06T08:08:30.000;2026-06-06T01:08:30.000;17.31;-5.68;1.06;20.28;20.34;29
2026-06-06T08:18:46.000;2026-06-06T01:18:46.000;17.71;-5.9;1.4;19.97;20.34;30
2026-06-06T08:29:01.000;2026-06-06T01:29:01.000;18.15;-5.96;1.47;19.92;20.34;31
2026-06-06T08:39:18.000;2026-06-06T01:39:18.000;18.44;-5.68;1.56;19.85;20.34;32
2026-06-06T08:49:33.000;2026-06-06T01:49:33.000;18.89;-6.42;1.64;19.8;20.34;33
2026-06-06T08:59:58.000;2026-06-06T01:59:58.000;19.11;-6.22;1.55;19.86;20.34;34
2026-06-06T09:10:16.000;2026-06-06T02:10:16.000;18.56;-6.38;1.81;19.7;20.34;35
2026-06-06T09:20:31.000;2026-06-06T02:20:31.000;17.95;-6.23;1.92;19.63;20.34;36
2026-06-06T09:30:46.000;2026-06-06T02:30:46.000;18.0;-7.0;1.99;19.59;20.34;37
2026-06-06T09:41:03.000;2026-06-06T02:41:03.000;18.33;-6.21;2.06;19.56;20.34;38
2026-06-06T09:51:18.000;2026-06-06T02:51:18.000;18.74;-6.04;2.12;19.52;20.34;39
2026-06-06T10:01:35.000;2026-06-06T03:01:35.000;19.05;-6.65;2.17;19.5;20.34;40
2026-06-06T10:11:54.000;2026-06-06T03:11:54.000;18.31;-6.75;2.25;19.46;20.34;41
2026-06-06T10:22:12.000;2026-06-06T03:22:12.000;19.1;-6.47;2.33;19.42;20.34;42
2026-06-06T10:32:28.000;2026-06-06T03:32:28.000;18.31;-6.31;2.4;19.39;20.34;43
2026-06-06T10:42:47.000;2026-06-06T03:42:47.000;18.55;-6.2;2.5;19.35;20.34;44
2026-06-06T10:53:03.000;2026-06-06T03:53:03.000;18.33;-6.25;2.66;19.28;20.34;45
2026-06-06T11:03:18.000;2026-06-06T04:03:18.000;18.41;-6.75;2.9;19.18;20.34;46
2026-06-06T11:13:33.000;2026-06-06T04:13:33.000;18.01;-6.32;3.54;18.97;20.34;47
2026-06-06T11:23:48.000;2026-06-06T04:23:48.000;17.83;-6.18;6.33;18.34;20.34;48
2026-06-06T11:34:03.000;2026-06-06T04:34:03.000;17.84;-7.18;21.83;16.99;20.34;49
2026-06-06T11:44:18.000;2026-06-06T04:44:18.000;18.08;-6.48;136.48;15.0;20.34;50
2026-06-06T11:54:36.000;2026-06-06T04:54:36.000;18.35;-6.48;1334.3;12.53;20.34;51
2026-06-07T02:44:59.000;2026-06-06T19:44:59.000;27.81;4.89;8666.26;10.5;20.34;1
2026-06-07T02:55:13.000;2026-06-06T19:55:13.000;28.34;4.78;733.61;13.18;20.34;2
2026-06-07T03:05:31.000;2026-06-06T20:05:31.000;28.07;5.18;116.81;15.17;20.34;3
2026-06-07T03:15:46.000;2026-06-06T20:15:46.000;28.12;3.89;19.34;17.12;20.34;4
2026-06-07T03:26:03.000;2026-06-06T20:26:03.000;27.72;1.2;2.47;19.36;20.34;5
2026-06-07T03:36:18.000;2026-06-06T20:36:18.000;27.21;0.95;0.72;20.7;20.34;6
2026-06-07T03:46:33.000;2026-06-06T20:46:33.000;27.14;1.67;0.41;21.32;20.34;7
2026-06-07T03:56:50.000;2026-06-06T20:56:50.000;26.58;2.19;0.39;21.36;20.34;8
2026-06-07T04:07:08.000;2026-06-06T21:07:08.000;26.46;1.03;0.28;21.71;20.34;9
2026-06-07T04:17:22.000;2026-06-06T21:17:22.000;26.17;3.5;0.53;21.04;20.34;10
2026-06-07T04:27:37.000;2026-06-06T21:27:37.000;26.17;6.31;0.79;20.59;20.34;11
2026-06-07T04:37:58.000;2026-06-06T21:37:58.000;26.07;5.25;0.72;20.7;20.34;12
2026-06-07T04:48:14.000;2026-06-06T21:48:14.000;25.56;3.56;0.54;21.02;20.34;13
2026-06-07T04:58:36.000;2026-06-06T21:58:36.000;25.06;2.0;0.41;21.31;20.34;14
2026-06-07T05:30:11.000;2026-06-06T22:30:11.000;25.28;4.1;0.81;20.57;20.34;16
2026-06-07T05:50:58.000;2026-06-06T22:50:58.000;24.49;6.02;0.76;20.64;20.34;18
2026-06-07T06:01:24.000;2026-06-06T23:01:24.000;23.45;4.71;0.72;20.7;20.34;19
2026-06-07T06:21:56.000;2026-06-06T23:21:56.000;23.09;0.43;0.36;21.44;20.34;21
2026-06-07T06:32:11.000;2026-06-06T23:32:11.000;22.87;0.23;0.23;21.94;20.34;22
2026-06-07T06:42:25.000;2026-06-06T23:42:25.000;22.7;0.15;0.33;21.55;20.34;23
2026-06-07T06:52:41.000;2026-06-06T23:52:41.000;22.07;-1.35;0.31;21.6;20.34;24
2026-06-07T07:02:56.000;2026-06-07T00:02:56.000;21.77;-1.55;0.27;21.77;20.34;25
2026-06-07T07:13:11.000;2026-06-07T00:13:11.000;21.56;-0.96;0.36;21.44;20.34;26
2026-06-07T07:23:27.000;2026-06-07T00:23:27.000;20.91;0.05;0.72;20.7;20.34;27
2026-06-07T07:33:42.000;2026-06-07T00:33:42.000;21.34;-0.21;0.54;21.02;20.34;28
2026-06-07T07:44:01.000;2026-06-07T00:44:01.000;21.3;-1.06;0.64;20.82;20.34;29
2026-06-07T07:54:19.000;2026-06-07T00:54:19.000;22.24;-1.81;0.52;21.06;20.34;30
2026-06-07T08:04:34.000;2026-06-07T01:04:34.000;21.59;-1.04;0.79;20.6;20.34;31
2026-06-07T08:14:48.000;2026-06-07T01:14:48.000;22.13;-0.43;1.22;20.13;20.34;32
2026-06-07T08:35:17.000;2026-06-07T01:35:17.000;20.8;-1.44;1.56;19.86;20.34;34
2026-06-07T08:45:32.000;2026-06-07T01:45:32.000;20.21;-2.79;0.94;20.41;20.34;35
2026-06-07T08:55:53.000;2026-06-07T01:55:53.000;20.34;-2.93;1.11;20.23;20.34;36
2026-06-07T09:06:11.000;2026-06-07T02:06:11.000;20.48;-2.93;1.45;19.93;20.34;37
2026-06-07T09:16:26.000;2026-06-07T02:16:26.000;19.98;-2.55;1.61;19.82;20.34;38
2026-06-07T09:41:44.000;2026-06-07T02:41:44.000;22.07;0.25;3.93;18.85;20.34;39
2026-06-07T09:52:10.000;2026-06-07T02:52:10.000;21.03;1.85;3.02;19.14;20.34;40
2026-06-07T10:02:23.000;2026-06-07T03:02:23.000;19.91;0.97;2.4;19.39;20.34;41
2026-06-07T10:12:36.000;2026-06-07T03:12:36.000;18.77;-0.67;2.86;19.2;20.34;42
2026-06-07T10:22:50.000;2026-06-07T03:22:50.000;18.06;-0.23;3.31;19.04;20.34;43
2026-06-07T10:33:06.000;2026-06-07T03:33:06.000;17.56;-0.95;2.3;19.44;20.34;44
2026-06-07T10:43:19.000;2026-06-07T03:43:19.000;17.09;-1.78;2.07;19.55;20.34;45
2026-06-07T10:53:36.000;2026-06-07T03:53:36.000;17.66;-1.11;3.01;19.14;20.34;46
2026-06-07T11:03:50.000;2026-06-07T04:03:50.000;18.39;1.33;4.65;18.67;20.34;47
2026-06-07T11:14:06.000;2026-06-07T04:14:06.000;19.74;1.86;6.1;18.38;20.34;48
2026-06-07T11:24:22.000;2026-06-07T04:24:22.000;20.06;0.31;8.51;18.02;20.34;49
2026-06-07T11:34:37.000;2026-06-07T04:34:37.000;20.42;0.27;27.79;16.73;20.34;50
2026-06-07T11:44:54.000;2026-06-07T04:44:54.000;20.29;-0.25;179.96;14.7;20.34;51
2026-06-07T11:55:08.000;2026-06-07T04:55:08.000;20.14;0.5;1963.37;12.11;20.34;52
2026-06-08T02:46:25.000;2026-06-07T19:46:25.000;23.99;-1.92;6371.74;10.83;20.34;1
2026-06-08T02:56:41.000;2026-06-07T19:56:41.000;24.55;-2.26;500.16;13.59;20.34;2
2026-06-08T03:07:07.000;2026-06-07T20:07:07.000;24.3;-2.85;53.32;16.02;20.34;3
2026-06-08T03:17:21.000;2026-06-07T20:17:21.000;24.19;-3.51;8.4;18.03;20.34;4
2026-06-08T03:32:56.000;2026-06-07T20:32:56.000;25.01;-3.88;1.58;19.84;20.34;5
2026-06-08T03:43:15.000;2026-06-07T20:43:15.000;25.12;-4.2;0.49;21.11;20.34;6
2026-06-08T03:58:31.000;2026-06-07T20:58:31.000;25.14;-3.97;0.49;21.12;20.34;7
2026-06-08T04:14:09.000;2026-06-07T21:14:09.000;25.01;-4.05;0.47;21.16;20.34;8
2026-06-08T04:24:31.000;2026-06-07T21:24:31.000;24.51;-4.39;0.25;21.84;20.34;9
2026-06-08T04:34:48.000;2026-06-07T21:34:48.000;23.42;-4.2;0.28;21.7;20.34;10
2026-06-08T04:45:04.000;2026-06-07T21:45:04.000;22.85;-4.6;0.19;22.16;20.34;11
2026-06-08T04:55:21.000;2026-06-07T21:55:21.000;22.56;-4.51;0.19;22.17;20.34;12
2026-06-08T05:05:36.000;2026-06-07T22:05:36.000;22.11;-3.96;0.28;21.71;20.34;13
2026-06-08T05:20:53.000;2026-06-07T22:20:53.000;22.38;-4.31;0.57;20.95;20.34;14
2026-06-08T05:31:17.000;2026-06-07T22:31:17.000;22.18;-5.01;0.23;21.94;20.34;15
2026-06-08T05:41:33.000;2026-06-07T22:41:33.000;21.0;-4.95;0.26;21.82;20.34;16
2026-06-08T05:51:48.000;2026-06-07T22:51:48.000;20.01;-5.46;0.2;22.08;20.34;17
2026-06-08T06:02:03.000;2026-06-07T23:02:03.000;19.45;-3.94;0.28;21.71;20.34;18
2026-06-08T06:12:18.000;2026-06-07T23:12:18.000;18.74;-4.88;0.31;21.62;20.34;19
2026-06-08T06:22:40.000;2026-06-07T23:22:40.000;18.51;-4.96;0.24;21.9;20.34;20
2026-06-08T06:32:54.000;2026-06-07T23:32:54.000;19.57;-4.43;0.3;21.64;20.34;21
2026-06-08T06:43:15.000;2026-06-07T23:43:15.000;19.97;-4.62;0.26;21.8;20.34;22
2026-06-08T06:53:31.000;2026-06-07T23:53:31.000;19.56;-5.71;0.3;21.63;20.34;23
2026-06-08T07:03:48.000;2026-06-08T00:03:48.000;19.88;-5.15;0.22;21.98;20.34;24
2026-06-08T07:19:21.000;2026-06-08T00:19:21.000;19.37;-7.14;0.43;21.25;20.34;25
2026-06-08T07:29:43.000;2026-06-08T00:29:43.000;19.13;-5.8;0.33;21.54;20.34;26
2026-06-08T07:45:15.000;2026-06-08T00:45:15.000;18.78;-6.12;0.57;20.94;20.34;27
2026-06-08T07:55:36.000;2026-06-08T00:55:36.000;18.61;-6.97;0.38;21.4;20.34;28
2026-06-08T08:05:50.000;2026-06-08T01:05:50.000;17.29;-5.85;0.62;20.85;20.34;29
2026-06-08T08:16:04.000;2026-06-08T01:16:04.000;16.28;-5.87;0.85;20.51;20.34;30
2026-06-08T08:26:18.000;2026-06-08T01:26:18.000;16.08;-6.69;0.69;20.75;20.34;31
2026-06-08T08:36:32.000;2026-06-08T01:36:32.000;15.59;-6.89;0.63;20.84;20.34;32
2026-06-08T08:46:46.000;2026-06-08T01:46:46.000;15.95;-6.69;0.77;20.63;20.34;33
2026-06-08T08:57:01.000;2026-06-08T01:57:01.000;15.44;-6.6;0.84;20.53;20.34;34
2026-06-08T09:07:15.000;2026-06-08T02:07:15.000;15.46;-5.67;1.0;20.34;20.34;35
2026-06-08T09:17:31.000;2026-06-08T02:17:31.000;16.83;-5.23;1.11;20.22;20.34;36
2026-06-08T09:27:46.000;2026-06-08T02:27:46.000;18.17;-4.57;1.59;19.84;20.34;37
2026-06-08T09:38:02.000;2026-06-08T02:38:02.000;18.58;-5.07;1.21;20.14;20.34;38
2026-06-08T09:48:17.000;2026-06-08T02:48:17.000;18.97;-5.38;1.13;20.21;20.34;39
2026-06-08T09:58:32.000;2026-06-08T02:58:32.000;18.91;-5.39;1.27;20.08;20.34;40
2026-06-08T10:08:48.000;2026-06-08T03:08:48.000;18.79;-5.09;1.2;20.14;20.34;41
2026-06-08T10:19:02.000;2026-06-08T03:19:02.000;18.68;-5.26;1.26;20.09;20.34;42
2026-06-08T10:29:17.000;2026-06-08T03:29:17.000;18.82;-4.72;1.59;19.84;20.34;43
2026-06-08T10:39:35.000;2026-06-08T03:39:35.000;18.91;-4.99;1.59;19.84;20.34;44
2026-06-08T10:49:50.000;2026-06-08T03:49:50.000;18.93;-5.17;1.68;19.78;20.34;45
2026-06-08T11:00:04.000;2026-06-08T04:00:04.000;19.0;-5.13;1.83;19.69;20.34;46
2026-06-08T11:10:19.000;2026-06-08T04:10:19.000;18.95;-4.96;2.33;19.42;20.34;47
2026-06-08T11:20:33.000;2026-06-08T04:20:33.000;19.04;-4.91;4.86;18.62;20.34;48
2026-06-08T11:30:48.000;2026-06-08T04:30:48.000;18.84;-4.72;18.4;17.18;20.34;49
2026-06-08T11:41:04.000;2026-06-08T04:41:04.000;18.72;-4.69;91.28;15.44;20.34;50
2026-06-08T11:51:20.000;2026-06-08T04:51:20.000;18.7;-4.24;864.46;13.0;20.34;51
2026-06-09T02:44:48.000;2026-06-08T19:44:48.000;27.37;3.51;11139.19;10.22;20.34;1
2026-06-09T02:55:12.000;2026-06-08T19:55:12.000;27.96;3.88;839.78;13.03;20.34;2
2026-06-09T03:05:30.000;2026-06-08T20:05:30.000;27.93;1.92;86.68;15.5;20.34;3
2026-06-09T03:31:30.000;2026-06-08T20:31:30.000;27.19;0.19;2.27;19.45;20.34;5
2026-06-09T03:52:19.000;2026-06-08T20:52:19.000;26.06;1.03;0.42;21.28;20.34;7
2026-06-09T04:07:52.000;2026-06-08T21:07:52.000;26.59;1.79;0.5;21.1;20.34;8
2026-06-09T04:18:19.000;2026-06-08T21:18:19.000;26.4;1.06;0.33;21.56;20.34;9
2026-06-09T04:33:55.000;2026-06-08T21:33:55.000;26.17;0.59;0.47;21.15;20.34;10
2026-06-09T04:44:15.000;2026-06-08T21:44:15.000;25.99;1.7;0.26;21.79;20.34;11
2026-06-09T04:54:28.000;2026-06-08T21:54:28.000;25.75;11.07;0.76;20.63;20.34;12
2026-06-09T05:04:43.000;2026-06-08T22:04:43.000;25.54;8.46;0.68;20.76;20.34;13
2026-06-09T05:15:03.000;2026-06-08T22:15:03.000;26.01;13.5;1.15;20.19;20.34;14
2026-06-09T05:25:20.000;2026-06-08T22:25:20.000;25.91;10.86;0.58;20.93;20.34;15
2026-06-09T05:35:43.000;2026-06-08T22:35:43.000;25.37;7.45;0.54;21.0;20.34;16
2026-06-09T05:51:16.000;2026-06-08T22:51:16.000;26.33;10.01;0.9;20.45;20.34;17
2026-06-09T06:01:40.000;2026-06-08T23:01:40.000;26.1;10.37;0.77;20.63;20.34;18
2026-06-09T06:11:57.000;2026-06-08T23:11:57.000;25.04;6.94;0.42;21.28;20.34;19
2026-06-09T06:22:14.000;2026-06-08T23:22:14.000;24.41;8.48;0.51;21.08;20.34;20
2026-06-09T06:32:32.000;2026-06-08T23:32:32.000;24.35;11.58;0.57;20.94;20.34;21
2026-06-09T06:53:25.000;2026-06-08T23:53:25.000;22.57;8.69;0.81;20.57;20.34;23
2026-06-09T07:03:42.000;2026-06-09T00:03:42.000;22.51;7.47;0.63;20.84;20.34;24
2026-06-09T08:00:57.000;2026-06-09T01:00:57.000;22.2;-0.64;0.31;21.6;20.34;28
2026-06-09T08:16:36.000;2026-06-09T01:16:36.000;21.32;-0.07;0.53;21.04;20.34;29
2026-06-09T08:27:06.000;2026-06-09T01:27:06.000;20.99;0.89;0.42;21.28;20.34;30
2026-06-09T08:47:37.000;2026-06-09T01:47:37.000;19.69;4.33;0.63;20.83;20.34;32
2026-06-09T08:57:51.000;2026-06-09T01:57:51.000;19.73;0.46;0.51;21.07;20.34;33
2026-06-09T09:08:05.000;2026-06-09T02:08:05.000;18.86;-1.25;0.48;21.13;20.34;34
2026-06-09T09:18:21.000;2026-06-09T02:18:21.000;18.43;-1.29;0.73;20.69;20.34;35
2026-06-09T09:28:37.000;2026-06-09T02:28:37.000;18.42;0.15;0.95;20.4;20.34;36
2026-06-09T09:38:51.000;2026-06-09T02:38:51.000;18.23;-2.03;0.78;20.61;20.34;37
2026-06-09T09:49:07.000;2026-06-09T02:49:07.000;17.83;-2.51;0.82;20.55;20.34;38
2026-06-09T09:59:21.000;2026-06-09T02:59:21.000;17.61;-2.24;0.86;20.51;20.34;39
2026-06-09T10:09:36.000;2026-06-09T03:09:36.000;17.31;-2.22;0.9;20.46;20.34;40
2026-06-09T10:19:50.000;2026-06-09T03:19:50.000;17.22;-2.53;0.9;20.45;20.34;41
2026-06-09T10:30:04.000;2026-06-09T03:30:04.000;16.93;-2.17;0.95;20.4;20.34;42
2026-06-09T10:40:18.000;2026-06-09T03:40:18.000;16.79;-1.87;1.07;20.26;20.34;43
2026-06-09T10:50:35.000;2026-06-09T03:50:35.000;17.07;-0.5;1.87;19.66;20.34;44
2026-06-09T11:00:51.000;2026-06-09T04:00:51.000;17.51;-0.58;2.01;19.58;20.34;45
2026-06-09T11:11:06.000;2026-06-09T04:11:06.000;17.36;-1.58;2.49;19.35;20.34;46
2026-06-09T11:21:21.000;2026-06-09T04:21:21.000;17.56;0.02;5.09;18.57;20.34;47
2026-06-09T11:31:35.000;2026-06-09T04:31:35.000;17.6;-1.39;15.77;17.35;20.34;48
2026-06-09T11:41:49.000;2026-06-09T04:41:49.000;17.52;-0.79;101.46;15.32;20.34;49
2026-06-09T11:52:03.000;2026-06-09T04:52:03.000;17.37;-1.88;960.51;12.88;20.34;50
2026-06-10T02:58:39.000;2026-06-09T19:58:39.000;28.57;2.56;540.43;13.51;20.34;2
2026-06-10T03:08:54.000;2026-06-09T20:08:54.000;28.27;2.28;69.56;15.73;20.34;3
2026-06-10T03:19:16.000;2026-06-09T20:19:16.000;28.14;2.28;12.5;17.6;20.34;4
2026-06-10T03:34:49.000;2026-06-09T20:34:49.000;28.83;1.27;2.11;19.53;20.34;5
2026-06-10T03:50:32.000;2026-06-09T20:50:32.000;28.65;1.21;0.61;20.87;20.34;6
2026-06-10T04:00:57.000;2026-06-09T21:00:57.000;27.57;1.68;0.33;21.55;20.34;7
2026-06-10T04:11:11.000;2026-06-09T21:11:11.000;26.69;1.48;0.34;21.52;20.34;8
2026-06-10T04:21:29.000;2026-06-09T21:21:29.000;26.15;1.45;0.24;21.9;20.34;9
2026-06-10T04:31:43.000;2026-06-09T21:31:43.000;25.69;1.3;0.21;22.04;20.34;10
2026-06-10T04:41:58.000;2026-06-09T21:41:58.000;25.43;1.0;0.28;21.73;20.34;11
2026-06-10T04:52:17.000;2026-06-09T21:52:17.000;24.96;1.18;0.2;22.09;20.34;12
2026-06-10T05:02:36.000;2026-06-09T22:02:36.000;24.6;0.68;0.19;22.12;20.34;13
2026-06-10T05:12:54.000;2026-06-09T22:12:54.000;24.7;0.67;0.19;22.12;20.34;14
2026-06-10T05:28:27.000;2026-06-09T22:28:27.000;25.43;0.12;0.44;21.23;20.34;15
2026-06-10T05:38:47.000;2026-06-09T22:38:47.000;25.21;0.46;0.25;21.86;20.34;16
2026-06-10T05:49:01.000;2026-06-09T22:49:01.000;24.16;0.76;0.29;21.67;20.34;17
2026-06-10T06:04:34.000;2026-06-09T23:04:34.000;24.83;0.33;0.43;21.26;20.34;18
2026-06-10T06:14:59.000;2026-06-09T23:14:59.000;24.24;0.47;0.3;21.66;20.34;19
2026-06-10T06:30:16.000;2026-06-09T23:30:16.000;24.09;0.33;0.43;21.25;20.34;20
2026-06-10T06:40:35.000;2026-06-09T23:40:35.000;24.24;0.62;0.25;21.86;20.34;21
2026-06-10T06:50:52.000;2026-06-09T23:50:52.000;23.02;0.35;0.22;21.98;20.34;22
2026-06-10T07:06:25.000;2026-06-10T00:06:25.000;23.6;0.61;0.44;21.24;20.34;23
2026-06-10T07:16:53.000;2026-06-10T00:16:53.000;23.53;0.42;0.27;21.76;20.34;24
2026-06-10T07:27:08.000;2026-06-10T00:27:08.000;22.2;0.08;0.28;21.73;20.34;25
2026-06-10T07:37:31.000;2026-06-10T00:37:31.000;21.86;0.08;0.32;21.59;20.34;26
2026-06-10T07:47:53.000;2026-06-10T00:47:53.000;21.55;-0.36;0.27;21.77;20.34;27
2026-06-10T07:58:08.000;2026-06-10T00:58:08.000;20.55;0.07;0.33;21.56;20.34;28
2026-06-10T08:08:25.000;2026-06-10T01:08:25.000;20.58;0.24;0.33;21.55;20.34;29
2026-06-10T08:18:40.000;2026-06-10T01:18:40.000;20.1;0.08;0.34;21.52;20.34;30
2026-06-10T08:28:56.000;2026-06-10T01:28:56.000;19.45;-0.25;0.37;21.42;20.34;31
2026-06-10T08:39:11.000;2026-06-10T01:39:11.000;19.41;0.06;0.33;21.53;20.34;32
2026-06-10T08:49:26.000;2026-06-10T01:49:26.000;19.31;0.08;0.33;21.55;20.34;33
2026-06-10T08:59:41.000;2026-06-10T01:59:41.000;19.08;0.11;0.44;21.22;20.34;34
2026-06-10T09:09:56.000;2026-06-10T02:09:56.000;19.15;-0.03;0.45;21.2;20.34;35
2026-06-10T09:20:11.000;2026-06-10T02:20:11.000;19.2;0.17;0.55;20.98;20.34;36
2026-06-10T09:30:29.000;2026-06-10T02:30:29.000;19.35;0.05;0.52;21.05;20.34;37
2026-06-10T09:40:47.000;2026-06-10T02:40:47.000;19.02;-0.33;0.62;20.85;20.34;38
2026-06-10T09:51:01.000;2026-06-10T02:51:01.000;18.77;-0.37;0.65;20.81;20.34;39
2026-06-10T10:01:18.000;2026-06-10T03:01:18.000;18.8;-0.61;0.65;20.82;20.34;40
2026-06-10T10:11:35.000;2026-06-10T03:11:35.000;18.68;-0.83;0.57;20.95;20.34;41
2026-06-10T10:21:51.000;2026-06-10T03:21:51.000;18.54;-0.83;0.7;20.73;20.34;42
2026-06-10T10:32:05.000;2026-06-10T03:32:05.000;18.34;-0.7;0.71;20.71;20.34;43
2026-06-10T10:42:20.000;2026-06-10T03:42:20.000;18.29;-0.78;0.73;20.68;20.34;44
2026-06-10T10:52:34.000;2026-06-10T03:52:34.000;17.95;-1.05;0.76;20.64;20.34;45
2026-06-10T11:02:49.000;2026-06-10T04:02:49.000;18.27;-0.95;0.88;20.48;20.34;46
2026-06-10T11:13:03.000;2026-06-10T04:13:03.000;17.97;-1.35;1.68;19.78;20.34;47
2026-06-10T11:23:17.000;2026-06-10T04:23:17.000;17.8;-1.45;5.38;18.51;20.34;48
2026-06-10T11:33:31.000;2026-06-10T04:33:31.000;17.6;-1.26;26.23;16.79;20.34;49
2026-06-10T11:43:48.000;2026-06-10T04:43:48.000;18.05;-1.11;174.85;14.73;20.34;50
2026-06-10T11:54:04.000;2026-06-10T04:54:04.000;18.2;-1.05;1720.31;12.25;20.34;51
2026-06-11T03:14:57.000;2026-06-10T20:14:57.000;31.56;3.61;24.34;16.87;20.34;2
2026-06-11T03:30:36.000;2026-06-10T20:30:36.000;31.42;3.23;3.8;18.89;20.34;3
2026-06-11T03:40:59.000;2026-06-10T20:40:59.000;30.76;3.27;0.68;20.76;20.34;4
2026-06-11T03:51:14.000;2026-06-10T20:51:14.000;30.02;3.37;0.39;21.35;20.34;5
2026-06-11T04:01:31.000;2026-06-10T21:01:31.000;29.71;3.72;0.35;21.48;20.34;6
2026-06-11T04:32:34.000;2026-06-10T21:32:34.000;29.74;2.23;0.32;21.57;20.34;8
2026-06-11T04:42:47.000;2026-06-10T21:42:47.000;28.56;2.25;0.27;21.75;20.34;9
2026-06-11T04:53:02.000;2026-06-10T21:53:02.000;28.05;2.17;0.22;21.97;20.34;10
2026-06-11T05:03:24.000;2026-06-10T22:03:24.000;27.41;2.09;0.22;21.98;20.34;11
2026-06-11T05:13:38.000;2026-06-10T22:13:38.000;26.88;1.9;0.19;22.13;20.34;12
2026-06-11T05:23:58.000;2026-06-10T22:23:58.000;26.89;1.65;0.3;21.64;20.34;13
2026-06-11T05:49:33.000;2026-06-10T22:49:33.000;28.77;-0.14;0.44;21.23;20.34;14
2026-06-11T05:59:55.000;2026-06-10T22:59:55.000;26.85;0.67;0.22;21.98;20.34;15
2026-06-11T06:10:11.000;2026-06-10T23:10:11.000;25.9;0.98;0.22;22.01;20.34;16
2026-06-11T06:20:25.000;2026-06-10T23:20:25.000;25.69;0.89;0.22;22.01;20.34;17
2026-06-11T06:30:40.000;2026-06-10T23:30:40.000;25.3;1.04;0.26;21.8;20.34;18
2026-06-11T06:40:54.000;2026-06-10T23:40:54.000;25.08;0.51;0.22;22.0;20.34;19
2026-06-11T06:51:11.000;2026-06-10T23:51:11.000;24.68;0.77;0.22;21.99;20.34;20
2026-06-11T07:06:44.000;2026-06-11T00:06:44.000;25.38;0.24;0.44;21.24;20.34;21
2026-06-11T07:17:04.000;2026-06-11T00:17:04.000;25.3;0.85;0.25;21.84;20.34;22
2026-06-11T07:27:18.000;2026-06-11T00:27:18.000;24.76;0.49;0.2;22.07;20.34;23
2026-06-11T07:37:33.000;2026-06-11T00:37:33.000;24.5;0.69;0.27;21.74;20.34;24
2026-06-11T07:47:47.000;2026-06-11T00:47:47.000;24.42;0.63;0.28;21.71;20.34;25
2026-06-11T07:58:04.000;2026-06-11T00:58:04.000;24.26;0.38;0.21;22.02;20.34;26
2026-06-11T08:08:19.000;2026-06-11T01:08:19.000;24.22;0.16;0.3;21.65;20.34;27
2026-06-11T08:18:34.000;2026-06-11T01:18:34.000;24.31;-0.07;0.35;21.49;20.34;28
2026-06-11T08:28:48.000;2026-06-11T01:28:48.000;23.83;-0.21;0.35;21.47;20.34;29
2026-06-11T08:49:06.000;2026-06-11T01:49:06.000;25.39;-0.95;0.55;20.99;20.34;30
2026-06-11T08:59:27.000;2026-06-11T01:59:27.000;24.61;-0.47;0.38;21.39;20.34;31
2026-06-11T09:14:59.000;2026-06-11T02:14:59.000;24.31;-0.93;0.59;20.91;20.34;32
2026-06-11T09:25:18.000;2026-06-11T02:25:18.000;23.78;-0.74;0.43;21.26;20.34;33
2026-06-11T09:35:31.000;2026-06-11T02:35:31.000;22.5;-0.88;0.51;21.08;20.34;34
2026-06-11T09:45:46.000;2026-06-11T02:45:46.000;21.37;-1.08;0.44;21.23;20.34;35
2026-06-11T09:56:01.000;2026-06-11T02:56:01.000;20.57;-1.51;0.47;21.16;20.34;36
2026-06-11T10:06:15.000;2026-06-11T03:06:15.000;20.05;-1.09;0.53;21.03;20.34;37
2026-06-11T10:16:30.000;2026-06-11T03:16:30.000;19.89;-0.9;0.48;21.13;20.34;38
2026-06-11T10:26:44.000;2026-06-11T03:26:44.000;19.98;-1.5;0.53;21.03;20.34;39
2026-06-11T10:36:59.000;2026-06-11T03:36:59.000;19.9;-0.84;0.46;21.19;20.34;40
2026-06-11T10:47:14.000;2026-06-11T03:47:14.000;19.13;-1.45;0.49;21.12;20.34;41
2026-06-11T10:57:28.000;2026-06-11T03:57:28.000;18.95;-0.9;0.5;21.08;20.34;42
2026-06-11T11:07:43.000;2026-06-11T04:07:43.000;19.12;-1.04;0.84;20.53;20.34;43
2026-06-11T11:17:58.000;2026-06-11T04:17:58.000;18.82;-1.99;2.44;19.37;20.34;44
2026-06-11T11:28:13.000;2026-06-11T04:28:13.000;18.7;-1.99;10.25;17.81;20.34;45
2026-06-11T11:38:27.000;2026-06-11T04:38:27.000;18.42;-1.93;56.63;15.96;20.34;46
2026-06-11T11:48:45.000;2026-06-11T04:48:45.000;17.94;-1.56;498.25;13.6;20.34;47
2026-06-11T11:59:00.000;2026-06-11T04:59:00.000;17.62;-1.57;6374.74;10.83;20.34;48
2026-06-12T04:25:46.000;2026-06-11T21:25:46.000;29.72;14.11;0.87;20.49;20.34;4
2026-06-12T04:46:24.000;2026-06-11T21:46:24.000;29.32;15.19;1.09;20.25;20.34;6
2026-06-12T05:07:01.000;2026-06-11T22:07:01.000;30.78;13.15;1.08;20.26;20.34;7
2026-06-12T05:17:22.000;2026-06-11T22:17:22.000;29.67;11.88;0.52;21.05;20.34;8
2026-06-12T05:48:23.000;2026-06-11T22:48:23.000;29.15;8.67;0.34;21.51;20.34;10
2026-06-12T06:40:08.000;2026-06-11T23:40:08.000;29.57;16.32;0.86;20.5;20.34;13
2026-06-12T07:00:36.000;2026-06-12T00:00:36.000;30.27;15.57;1.05;20.29;20.34;14
2026-06-12T07:21:24.000;2026-06-12T00:21:24.000;30.61;15.83;1.03;20.31;20.34;15
2026-06-12T07:31:50.000;2026-06-12T00:31:50.000;29.09;16.96;0.84;20.52;20.34;16
2026-06-12T07:52:41.000;2026-06-12T00:52:41.000;27.95;16.27;0.93;20.41;20.34;18
2026-06-12T08:02:57.000;2026-06-12T01:02:57.000;27.66;15.81;0.97;20.38;20.34;19
2026-06-12T08:18:37.000;2026-06-12T01:18:37.000;28.27;15.22;0.99;20.35;20.34;20
2026-06-12T08:29:00.000;2026-06-12T01:29:00.000;27.84;13.76;0.6;20.9;20.34;21
2026-06-12T08:54:57.000;2026-06-12T01:54:57.000;27.03;9.05;0.61;20.87;20.34;23
2026-06-12T09:05:17.000;2026-06-12T02:05:17.000;26.04;6.35;0.41;21.31;20.34;24
2026-06-12T09:15:31.000;2026-06-12T02:15:31.000;24.25;3.53;0.32;21.57;20.34;25
2026-06-12T09:36:09.000;2026-06-12T02:36:09.000;23.26;2.51;0.42;21.29;20.34;27
2026-06-12T09:51:50.000;2026-06-12T02:51:50.000;23.71;2.18;0.59;20.92;20.34;28
2026-06-12T10:07:32.000;2026-06-12T03:07:32.000;24.84;1.94;0.59;20.91;20.34;29
2026-06-12T10:38:39.000;2026-06-12T03:38:39.000;23.89;1.56;0.39;21.36;20.34;31
2026-06-12T10:48:58.000;2026-06-12T03:48:58.000;22.42;1.62;0.43;21.26;20.34;32
2026-06-12T10:59:13.000;2026-06-12T03:59:13.000;21.5;1.68;0.47;21.16;20.34;33
2026-06-12T11:09:27.000;2026-06-12T04:09:27.000;21.12;1.64;0.87;20.49;20.34;34
2026-06-12T11:19:44.000;2026-06-12T04:19:44.000;20.73;1.7;2.91;19.18;20.34;35
2026-06-12T11:40:17.000;2026-06-12T04:40:17.000;20.33;1.62;77.63;15.61;20.34;37
2026-06-12T11:50:33.000;2026-06-12T04:50:33.000;20.06;1.56;737.37;13.17;20.34;38
2026-06-13T04:05:51.000;2026-06-12T21:05:51.000;32.2;11.98;1.18;20.16;20.34;4
2026-06-13T04:26:52.000;2026-06-12T21:26:52.000;29.21;7.95;0.38;21.4;20.34;6
2026-06-13T04:37:07.000;2026-06-12T21:37:07.000;28.06;6.37;0.32;21.56;20.34;7
2026-06-13T04:47:41.000;2026-06-12T21:47:41.000;27.34;5.68;0.27;21.77;20.34;8
2026-06-13T05:03:20.000;2026-06-12T22:03:20.000;28.07;9.55;0.76;20.63;20.34;9
2026-06-13T05:29:33.000;2026-06-12T22:29:33.000;28.13;10.79;0.64;20.82;20.34;11
2026-06-13T05:39:49.000;2026-06-12T22:39:49.000;26.42;6.48;0.26;21.79;20.34;12
2026-06-13T05:50:06.000;2026-06-12T22:50:06.000;26.5;6.31;0.31;21.61;20.34;13
2026-06-13T06:00:26.000;2026-06-12T23:00:26.000;25.38;5.0;0.31;21.61;20.34;14
2026-06-13T06:16:06.000;2026-06-12T23:16:06.000;25.51;8.35;0.51;21.06;20.34;15
2026-06-13T06:26:26.000;2026-06-12T23:26:26.000;26.14;14.85;0.77;20.63;20.34;16
2026-06-13T06:36:39.000;2026-06-12T23:36:39.000;25.5;10.49;0.47;21.15;20.34;17
2026-06-13T06:46:54.000;2026-06-12T23:46:54.000;24.99;9.57;0.35;21.47;20.34;18
2026-06-13T06:57:10.000;2026-06-12T23:57:10.000;24.74;10.78;0.48;21.14;20.34;19
2026-06-13T07:07:28.000;2026-06-13T00:07:28.000;24.66;11.3;0.49;21.12;20.34;20
2026-06-13T07:43:45.000;2026-06-13T00:43:45.000;24.93;5.61;0.36;21.45;20.34;23
2026-06-13T07:54:01.000;2026-06-13T00:54:01.000;24.19;8.37;0.37;21.42;20.34;24
2026-06-13T08:04:17.000;2026-06-13T01:04:17.000;24.69;15.4;0.56;20.96;20.34;25
2026-06-13T08:14:35.000;2026-06-13T01:14:35.000;25.29;15.89;0.6;20.89;20.34;26
2026-06-13T08:24:51.000;2026-06-13T01:24:51.000;25.32;13.96;0.6;20.9;20.34;27
2026-06-13T08:35:08.000;2026-06-13T01:35:08.000;25.38;14.7;0.61;20.88;20.34;28
2026-06-13T08:45:22.000;2026-06-13T01:45:22.000;25.48;14.34;0.52;21.04;20.34;29
2026-06-13T08:55:37.000;2026-06-13T01:55:37.000;25.7;14.78;0.56;20.97;20.34;30
2026-06-13T09:11:14.000;2026-06-13T02:11:14.000;26.58;15.15;0.77;20.63;20.34;31
2026-06-13T09:21:35.000;2026-06-13T02:21:35.000;26.29;13.38;0.58;20.93;20.34;32
2026-06-13T09:31:48.000;2026-06-13T02:31:48.000;25.39;15.01;0.64;20.83;20.34;33
2026-06-13T09:42:03.000;2026-06-13T02:42:03.000;25.12;12.58;0.55;20.98;20.34;34
2026-06-13T09:52:17.000;2026-06-13T02:52:17.000;24.72;11.64;0.52;21.06;20.34;35
2026-06-13T10:02:33.000;2026-06-13T03:02:33.000;24.78;13.94;0.62;20.86;20.34;36
2026-06-13T10:23:07.000;2026-06-13T03:23:07.000;25.54;15.75;0.72;20.7;20.34;38
2026-06-13T10:33:28.000;2026-06-13T03:33:28.000;25.55;16.06;0.67;20.78;20.34;39
2026-06-13T10:43:43.000;2026-06-13T03:43:43.000;25.4;11.75;0.49;21.11;20.34;40
2026-06-13T10:53:58.000;2026-06-13T03:53:58.000;24.87;5.98;0.44;21.24;20.34;41
2026-06-13T11:04:14.000;2026-06-13T04:04:14.000;23.5;3.69;0.59;20.92;20.34;42
2026-06-13T11:14:29.000;2026-06-13T04:14:29.000;22.43;5.57;1.31;20.04;20.34;43
2026-06-13T11:24:44.000;2026-06-13T04:24:44.000;22.58;3.81;5.13;18.56;20.34;44
2026-06-13T11:35:03.000;2026-06-13T04:35:03.000;22.27;3.44;28.66;16.7;20.34;45
2026-06-13T11:50:23.000;2026-06-13T04:50:23.000;23.68;5.32;578.39;13.43;20.34;46
2026-06-14T04:57:03.000;2026-06-13T21:57:03.000;28.92;5.15;0.43;21.26;20.34;3
2026-06-14T05:12:44.000;2026-06-13T22:12:44.000;28.97;4.89;0.43;21.24;20.34;4
2026-06-14T05:23:07.000;2026-06-13T22:23:07.000;28.25;5.19;0.31;21.62;20.34;5
2026-06-14T05:33:21.000;2026-06-13T22:33:21.000;27.42;5.43;0.22;22.0;20.34;6
2026-06-14T05:48:54.000;2026-06-13T22:48:54.000;27.14;4.06;0.43;21.25;20.34;7
2026-06-14T05:59:26.000;2026-06-13T22:59:26.000;25.68;4.52;0.24;21.89;20.34;8
2026-06-14T06:15:02.000;2026-06-13T23:15:02.000;25.38;4.85;0.42;21.28;20.34;9
2026-06-14T06:35:54.000;2026-06-13T23:35:54.000;24.31;4.92;0.22;21.99;20.34;11
2026-06-14T06:46:15.000;2026-06-13T23:46:15.000;24.06;5.25;0.31;21.6;20.34;12
2026-06-14T07:01:42.000;2026-06-14T00:01:42.000;24.56;4.98;0.45;21.2;20.34;13
2026-06-14T07:27:30.000;2026-06-14T00:27:30.000;26.27;3.71;0.47;21.17;20.34;14
2026-06-14T07:37:55.000;2026-06-14T00:37:55.000;24.45;4.17;0.32;21.57;20.34;15
2026-06-14T08:03:57.000;2026-06-14T01:03:57.000;23.42;4.21;0.36;21.46;20.34;17
2026-06-14T08:19:28.000;2026-06-14T01:19:28.000;23.01;4.29;0.52;21.06;20.34;18
2026-06-14T08:29:52.000;2026-06-14T01:29:52.000;23.21;4.02;0.38;21.39;20.34;19
2026-06-14T08:40:09.000;2026-06-14T01:40:09.000;22.23;4.05;0.39;21.38;20.34;20
2026-06-14T08:50:24.000;2026-06-14T01:50:24.000;21.88;5.76;0.4;21.34;20.34;21
2026-06-14T09:00:38.000;2026-06-14T02:00:38.000;21.88;9.47;0.55;20.99;20.34;22
2026-06-14T09:10:54.000;2026-06-14T02:10:54.000;22.0;9.55;0.56;20.97;20.34;23
2026-06-14T09:21:16.000;2026-06-14T02:21:16.000;22.14;8.3;0.46;21.19;20.34;24
2026-06-14T09:31:35.000;2026-06-14T02:31:35.000;22.44;5.25;0.38;21.38;20.34;25
2026-06-14T09:52:16.000;2026-06-14T02:52:16.000;22.27;4.52;0.41;21.3;20.34;27
2026-06-14T10:02:32.000;2026-06-14T03:02:32.000;23.24;4.12;0.33;21.56;20.34;28
2026-06-14T10:12:54.000;2026-06-14T03:12:54.000;23.33;3.85;0.45;21.21;20.34;29
2026-06-14T10:23:12.000;2026-06-14T03:23:12.000;23.19;3.87;0.34;21.51;20.34;30
2026-06-14T10:33:27.000;2026-06-14T03:33:27.000;22.95;4.18;0.34;21.53;20.34;31
2026-06-14T10:43:43.000;2026-06-14T03:43:43.000;22.45;3.67;0.37;21.42;20.34;32
2026-06-14T10:53:58.000;2026-06-14T03:53:58.000;22.15;3.93;0.32;21.57;20.34;33
2026-06-14T11:04:12.000;2026-06-14T04:04:12.000;22.03;3.58;0.6;20.9;20.34;34
2026-06-14T11:14:27.000;2026-06-14T04:14:27.000;21.54;3.76;1.25;20.1;20.34;35
2026-06-14T11:24:42.000;2026-06-14T04:24:42.000;20.83;3.41;5.46;18.5;20.34;36
2026-06-14T11:34:56.000;2026-06-14T04:34:56.000;20.78;3.82;28.06;16.72;20.34;37
2026-06-14T11:45:10.000;2026-06-14T04:45:10.000;20.3;3.07;213.63;14.52;20.34;38
2026-06-14T11:55:27.000;2026-06-14T04:55:27.000;19.9;3.06;2146.2;12.01;20.34;39
2026-06-15T02:51:27.000;2026-06-14T19:51:27.000;24.05;5.09;4900.16;11.11;20.34;1
2026-06-15T03:01:43.000;2026-06-14T20:01:43.000;24.43;4.58;417.81;13.79;20.34;2
2026-06-15T03:12:01.000;2026-06-14T20:12:01.000;24.02;4.43;49.32;16.11;20.34;3
2026-06-15T03:22:14.000;2026-06-14T20:22:14.000;23.34;3.94;9.01;17.95;20.34;4
2026-06-15T03:32:29.000;2026-06-14T20:32:29.000;23.02;3.74;2.07;19.55;20.34;5
2026-06-15T03:42:44.000;2026-06-14T20:42:44.000;22.88;4.07;0.65;20.81;20.34;6
2026-06-15T03:53:00.000;2026-06-14T20:53:00.000;23.9;3.7;0.35;21.48;20.34;7
2026-06-15T04:03:16.000;2026-06-14T21:03:16.000;23.47;4.0;0.23;21.92;20.34;8
2026-06-15T04:13:30.000;2026-06-14T21:13:30.000;23.63;4.02;0.26;21.82;20.34;9
2026-06-15T04:23:44.000;2026-06-14T21:23:44.000;22.9;3.83;0.25;21.84;20.34;10
2026-06-15T04:33:58.000;2026-06-14T21:33:58.000;22.95;3.78;0.22;21.97;20.34;11
2026-06-15T04:44:13.000;2026-06-14T21:44:13.000;22.67;2.44;0.3;21.67;20.34;12
2026-06-15T05:04:45.000;2026-06-14T22:04:45.000;21.99;2.29;0.24;21.9;20.34;14
2026-06-15T05:14:59.000;2026-06-14T22:14:59.000;21.51;2.73;0.25;21.84;20.34;15
2026-06-15T05:25:14.000;2026-06-14T22:25:14.000;21.01;2.82;0.25;21.86;20.34;16
2026-06-15T05:35:28.000;2026-06-14T22:35:28.000;20.63;3.3;0.21;22.05;20.34;17
2026-06-15T05:45:44.000;2026-06-14T22:45:44.000;20.82;3.7;0.25;21.84;20.34;18
2026-06-15T05:55:58.000;2026-06-14T22:55:58.000;21.03;4.0;0.19;22.13;20.34;19
2026-06-15T06:06:16.000;2026-06-14T23:06:16.000;20.97;4.12;0.21;22.02;20.34;20
2026-06-15T06:16:30.000;2026-06-14T23:16:30.000;20.8;4.26;0.27;21.76;20.34;21
2026-06-15T06:26:44.000;2026-06-14T23:26:44.000;20.57;3.67;0.3;21.64;20.34;22
2026-06-15T06:37:00.000;2026-06-14T23:37:00.000;20.64;3.63;0.31;21.63;20.34;23
2026-06-15T06:47:15.000;2026-06-14T23:47:15.000;20.66;3.31;0.27;21.78;20.34;24
2026-06-15T06:57:29.000;2026-06-14T23:57:29.000;20.11;3.36;0.32;21.58;20.34;25
2026-06-15T07:07:43.000;2026-06-15T00:07:43.000;19.69;3.37;0.31;21.62;20.34;26
2026-06-15T07:17:59.000;2026-06-15T00:17:59.000;19.86;7.65;0.41;21.3;20.34;27
2026-06-15T07:28:14.000;2026-06-15T00:28:14.000;20.43;7.14;0.44;21.23;20.34;28
2026-06-15T07:43:47.000;2026-06-15T00:43:47.000;21.64;4.59;0.52;21.04;20.34;29
2026-06-15T07:54:08.000;2026-06-15T00:54:08.000;22.18;4.79;0.33;21.53;20.34;30
2026-06-15T08:04:22.000;2026-06-15T01:04:22.000;21.81;4.23;0.38;21.4;20.34;31
2026-06-15T08:14:36.000;2026-06-15T01:14:36.000;21.69;4.41;0.38;21.4;20.34;32
2026-06-15T08:30:08.000;2026-06-15T01:30:08.000;22.08;5.99;0.65;20.8;20.34;33
2026-06-15T08:40:28.000;2026-06-15T01:40:28.000;21.82;4.24;0.46;21.19;20.34;34
2026-06-15T08:50:40.000;2026-06-15T01:50:40.000;20.59;3.34;0.49;21.12;20.34;35
2026-06-15T09:00:55.000;2026-06-15T02:00:55.000;20.3;3.28;0.5;21.1;20.34;36
2026-06-15T09:11:09.000;2026-06-15T02:11:09.000;21.03;4.67;0.44;21.24;20.34;37
2026-06-15T09:21:24.000;2026-06-15T02:21:24.000;21.43;3.94;0.44;21.23;20.34;38
2026-06-15T09:31:42.000;2026-06-15T02:31:42.000;22.16;4.69;0.51;21.07;20.34;39
2026-06-15T09:41:57.000;2026-06-15T02:41:57.000;22.76;5.71;0.55;21.0;20.34;40
2026-06-15T09:52:13.000;2026-06-15T02:52:13.000;22.85;6.54;0.46;21.19;20.34;41
2026-06-15T10:02:28.000;2026-06-15T03:02:28.000;23.04;6.9;0.56;20.96;20.34;42
2026-06-15T10:12:42.000;2026-06-15T03:12:42.000;23.05;6.02;0.47;21.17;20.34;43
2026-06-15T10:22:57.000;2026-06-15T03:22:57.000;23.22;9.11;0.5;21.09;20.34;44
2026-06-15T10:33:11.000;2026-06-15T03:33:11.000;23.54;8.32;0.5;21.09;20.34;45
2026-06-15T10:43:26.000;2026-06-15T03:43:26.000;23.33;5.31;0.48;21.14;20.34;46
2026-06-15T10:53:42.000;2026-06-15T03:53:42.000;21.41;3.59;0.45;21.22;20.34;47
2026-06-15T11:03:56.000;2026-06-15T04:03:56.000;20.91;3.7;0.51;21.08;20.34;48
2026-06-15T11:14:11.000;2026-06-15T04:14:11.000;21.24;3.07;1.13;20.2;20.34;49
2026-06-15T11:24:25.000;2026-06-15T04:24:25.000;21.48;3.13;4.44;18.72;20.34;50
2026-06-15T11:34:40.000;2026-06-15T04:34:40.000;21.41;3.81;25.63;16.82;20.34;51
2026-06-15T11:44:54.000;2026-06-15T04:44:54.000;21.94;3.4;168.4;14.77;20.34;52
2026-06-15T11:55:10.000;2026-06-15T04:55:10.000;22.06;3.3;1584.57;12.34;20.34;53
2026-06-16T02:45:16.000;2026-06-15T19:45:16.000;29.09;16.58;6802.53;10.76;20.34;1
2026-06-16T02:55:39.000;2026-06-15T19:55:39.000;29.17;16.01;833.01;13.04;20.34;2
2026-06-16T03:05:54.000;2026-06-15T20:05:54.000;29.18;15.68;197.64;14.6;20.34;3
2026-06-16T03:26:25.000;2026-06-15T20:26:25.000;28.38;9.82;6.8;18.26;20.34;5
2026-06-16T03:36:40.000;2026-06-15T20:36:40.000;27.66;7.88;1.53;19.88;20.34;6
2026-06-16T03:46:55.000;2026-06-15T20:46:55.000;27.47;10.64;0.94;20.41;20.34;7
2026-06-16T03:57:10.000;2026-06-15T20:57:10.000;27.01;10.69;0.83;20.54;20.34;8
2026-06-16T04:12:32.000;2026-06-15T21:12:32.000;27.81;12.64;1.2;20.14;20.34;9
2026-06-16T04:22:51.000;2026-06-15T21:22:51.000;27.71;9.86;0.66;20.8;20.34;10
2026-06-16T04:33:07.000;2026-06-15T21:33:07.000;26.12;5.19;0.31;21.61;20.34;11
2026-06-16T04:43:22.000;2026-06-15T21:43:22.000;24.95;4.18;0.23;21.92;20.34;12
2026-06-16T04:58:56.000;2026-06-15T21:58:56.000;25.18;3.41;0.41;21.3;20.34;13
2026-06-16T05:09:16.000;2026-06-15T22:09:16.000;24.97;4.05;0.23;21.95;20.34;14
2026-06-16T05:19:32.000;2026-06-15T22:19:32.000;23.6;4.29;0.2;22.08;20.34;15
2026-06-16T05:29:48.000;2026-06-15T22:29:48.000;24.06;3.32;0.2;22.09;20.34;16
2026-06-16T05:40:03.000;2026-06-15T22:40:03.000;24.27;4.09;0.24;21.89;20.34;17
2026-06-16T05:50:20.000;2026-06-15T22:50:20.000;24.02;3.86;0.24;21.89;20.34;18
2026-06-16T06:00:39.000;2026-06-15T23:00:39.000;23.87;3.73;0.28;21.74;20.34;19
2026-06-16T06:26:20.000;2026-06-15T23:26:20.000;24.2;3.79;0.28;21.71;20.34;21
2026-06-16T06:36:35.000;2026-06-15T23:36:35.000;23.49;3.84;0.2;22.06;20.34;22
2026-06-16T06:46:49.000;2026-06-15T23:46:49.000;23.23;3.33;0.23;21.94;20.34;23
2026-06-16T06:57:05.000;2026-06-15T23:57:05.000;23.04;2.75;0.21;22.05;20.34;24
2026-06-16T07:07:28.000;2026-06-16T00:07:28.000;23.71;3.51;0.26;21.82;20.34;25
2026-06-16T07:17:44.000;2026-06-16T00:17:44.000;24.23;3.15;0.31;21.63;20.34;26
2026-06-16T07:28:02.000;2026-06-16T00:28:02.000;24.49;3.12;0.3;21.65;20.34;27
2026-06-16T07:38:20.000;2026-06-16T00:38:20.000;24.55;3.37;0.28;21.72;20.34;28
2026-06-16T07:48:35.000;2026-06-16T00:48:35.000;24.31;3.09;0.34;21.52;20.34;29
2026-06-16T07:58:52.000;2026-06-16T00:58:52.000;24.15;3.23;0.3;21.66;20.34;30
2026-06-16T08:09:09.000;2026-06-16T01:09:09.000;24.44;3.23;0.36;21.44;20.34;31
2026-06-16T08:19:24.000;2026-06-16T01:19:24.000;24.33;3.01;0.37;21.42;20.34;32
2026-06-16T08:29:40.000;2026-06-16T01:29:40.000;24.0;2.67;0.33;21.56;20.34;33
2026-06-16T08:39:55.000;2026-06-16T01:39:55.000;23.74;2.79;0.39;21.36;20.34;34
2026-06-16T08:50:10.000;2026-06-16T01:50:10.000;22.85;2.25;0.32;21.58;20.34;35
2026-06-16T09:00:25.000;2026-06-16T02:00:25.000;22.17;2.47;0.39;21.36;20.34;36
2026-06-16T09:10:40.000;2026-06-16T02:10:40.000;21.82;3.29;0.4;21.34;20.34;37
2026-06-16T09:20:56.000;2026-06-16T02:20:56.000;22.03;3.24;0.47;21.16;20.34;38
2026-06-16T09:41:28.000;2026-06-16T02:41:28.000;21.63;3.16;0.41;21.31;20.34;40
2026-06-16T09:56:48.000;2026-06-16T02:56:48.000;22.01;2.6;0.61;20.87;20.34;41
2026-06-16T10:07:08.000;2026-06-16T03:07:08.000;22.5;2.79;0.48;21.13;20.34;42
2026-06-16T10:17:22.000;2026-06-16T03:17:22.000;21.61;2.88;0.32;21.56;20.34;43
2026-06-16T10:27:37.000;2026-06-16T03:27:37.000;21.56;3.03;0.4;21.34;20.34;44
2026-06-16T10:37:51.000;2026-06-16T03:37:51.000;20.92;3.36;0.37;21.41;20.34;45
2026-06-16T10:48:05.000;2026-06-16T03:48:05.000;21.03;3.37;0.37;21.41;20.34;46
2026-06-16T11:03:40.000;2026-06-16T04:03:40.000;21.97;3.02;0.66;20.79;20.34;47
2026-06-16T11:14:00.000;2026-06-16T04:14:00.000;22.24;2.79;1.17;20.17;20.34;48
2026-06-16T11:24:14.000;2026-06-16T04:24:14.000;21.12;3.11;4.86;18.62;20.34;49
2026-06-16T11:34:28.000;2026-06-16T04:34:28.000;20.9;3.1;25.23;16.84;20.34;50
2026-06-16T11:44:42.000;2026-06-16T04:44:42.000;20.44;2.85;192.3;14.63;20.34;51
2026-06-16T11:54:57.000;2026-06-16T04:54:57.000;20.67;2.93;1994.87;12.09;20.34;52
2026-06-17T02:50:51.000;2026-06-16T19:50:51.000;30.45;17.87;3736.39;11.41;20.34;1
2026-06-17T03:06:17.000;2026-06-16T20:06:17.000;22.61;15.36;124.87;15.1;20.34;2
2026-06-17T03:16:33.000;2026-06-16T20:16:33.000;21.82;15.83;19.02;17.14;20.34;3
2026-06-17T03:37:08.000;2026-06-16T20:37:08.000;24.77;16.08;2.3;19.44;20.34;5
2026-06-17T03:47:34.000;2026-06-16T20:47:34.000;25.55;15.95;1.74;19.74;20.34;6
2026-06-17T04:13:16.000;2026-06-16T21:13:16.000;28.82;13.97;2.06;19.56;20.34;7
2026-06-17T04:44:35.000;2026-06-16T21:44:35.000;29.31;12.6;1.66;19.79;20.34;9
2026-06-17T05:16:06.000;2026-06-16T22:16:06.000;29.22;12.98;1.15;20.18;20.34;11
2026-06-17T06:13:27.000;2026-06-16T23:13:27.000;26.36;7.53;0.75;20.66;20.34;14
2026-06-17T06:23:55.000;2026-06-16T23:23:55.000;25.13;6.81;0.56;20.97;20.34;15
2026-06-17T07:26:09.000;2026-06-17T00:26:09.000;24.95;5.1;0.49;21.12;20.34;18
2026-06-17T07:46:41.000;2026-06-17T00:46:41.000;22.71;3.96;0.37;21.41;20.34;20
2026-06-17T07:56:58.000;2026-06-17T00:56:58.000;22.13;2.95;0.35;21.47;20.34;21
2026-06-17T08:17:34.000;2026-06-17T01:17:34.000;21.78;3.36;0.41;21.32;20.34;23
2026-06-17T08:27:53.000;2026-06-17T01:27:53.000;22.13;2.07;0.38;21.39;20.34;24
2026-06-17T08:38:13.000;2026-06-17T01:38:13.000;21.8;2.19;0.39;21.36;20.34;25
2026-06-17T08:48:28.000;2026-06-17T01:48:28.000;21.27;2.83;0.38;21.4;20.34;26
2026-06-17T08:58:43.000;2026-06-17T01:58:43.000;21.46;2.72;0.45;21.2;20.34;27
2026-06-17T09:08:58.000;2026-06-17T02:08:58.000;21.7;2.97;0.4;21.35;20.34;28
2026-06-17T09:24:32.000;2026-06-17T02:24:32.000;22.29;1.91;0.61;20.89;20.34;29
2026-06-17T09:40:11.000;2026-06-17T02:40:11.000;23.26;1.8;0.61;20.88;20.34;30
2026-06-17T09:50:33.000;2026-06-17T02:50:33.000;22.91;2.57;0.37;21.43;20.34;31
2026-06-17T10:00:52.000;2026-06-17T03:00:52.000;21.86;2.27;0.4;21.32;20.34;32
2026-06-17T10:11:08.000;2026-06-17T03:11:08.000;21.97;2.31;0.33;21.54;20.34;33
2026-06-17T10:21:29.000;2026-06-17T03:21:29.000;21.86;2.13;0.33;21.56;20.34;34
2026-06-17T10:31:47.000;2026-06-17T03:31:47.000;21.93;1.95;0.38;21.38;20.34;35
2026-06-17T10:42:02.000;2026-06-17T03:42:02.000;21.82;1.5;0.38;21.4;20.34;36
2026-06-17T10:57:35.000;2026-06-17T03:57:35.000;22.38;1.08;0.59;20.92;20.34;37
2026-06-17T11:07:56.000;2026-06-17T04:07:56.000;22.66;1.09;0.71;20.72;20.34;38
2026-06-17T11:23:29.000;2026-06-17T04:23:29.000;23.06;0.93;3.62;18.94;20.34;39
2026-06-17T11:33:49.000;2026-06-17T04:33:49.000;23.01;0.77;22.43;16.96;20.34;40
2026-06-17T11:44:02.000;2026-06-17T04:44:02.000;21.68;0.89;157.73;14.85;20.34;41
2026-06-17T11:54:17.000;2026-06-17T04:54:17.000;21.18;0.39;1594.73;12.33;20.34;42
2026-06-18T02:51:22.000;2026-06-17T19:51:22.000;18.16;16.29;6252.19;10.85;20.34;1
2026-06-18T03:01:38.000;2026-06-17T20:01:38.000;18.6;13.11;830.87;13.04;20.34;2
2026-06-18T03:11:53.000;2026-06-17T20:11:53.000;18.61;9.3;109.78;15.24;20.34;3
2026-06-18T03:22:07.000;2026-06-17T20:22:07.000;18.85;7.53;26.46;16.78;20.34;4
2026-06-18T03:32:21.000;2026-06-17T20:32:21.000;18.95;7.76;6.06;18.38;20.34;5
2026-06-18T03:42:36.000;2026-06-17T20:42:36.000;18.9;5.94;2.03;19.57;20.34;6
2026-06-18T03:52:50.000;2026-06-17T20:52:50.000;18.33;3.74;0.9;20.46;20.34;7
2026-06-18T04:03:04.000;2026-06-17T21:03:04.000;18.55;4.45;1.01;20.33;20.34;8
2026-06-18T04:13:18.000;2026-06-17T21:13:18.000;18.89;5.8;0.99;20.36;20.34;9
2026-06-18T04:23:42.000;2026-06-17T21:23:42.000;18.86;4.85;0.98;20.36;20.34;10
2026-06-18T04:44:15.000;2026-06-17T21:44:15.000;19.39;1.33;0.51;21.07;20.34;12
2026-06-18T04:54:31.000;2026-06-17T21:54:31.000;19.89;1.34;0.57;20.95;20.34;13
2026-06-18T05:04:48.000;2026-06-17T22:04:48.000;19.8;0.26;0.39;21.36;20.34;14
2026-06-18T05:15:08.000;2026-06-17T22:15:08.000;19.99;0.76;0.3;21.66;20.34;15
2026-06-18T05:25:23.000;2026-06-17T22:25:23.000;20.2;-0.35;0.27;21.75;20.34;16
2026-06-18T05:35:38.000;2026-06-17T22:35:38.000;20.12;-0.58;0.22;21.98;20.34;17
2026-06-18T05:45:54.000;2026-06-17T22:45:54.000;20.27;-0.89;0.26;21.79;20.34;18
2026-06-18T05:56:12.000;2026-06-17T22:56:12.000;20.26;-0.78;0.19;22.12;20.34;19
2026-06-18T06:06:26.000;2026-06-17T23:06:26.000;20.44;-0.07;0.29;21.7;20.34;20
2026-06-18T06:16:41.000;2026-06-17T23:16:41.000;20.74;-0.65;0.3;21.65;20.34;21
2026-06-18T06:26:55.000;2026-06-17T23:26:55.000;20.96;-1.11;0.21;22.03;20.34;22
2026-06-18T06:37:10.000;2026-06-17T23:37:10.000;21.33;-0.87;0.3;21.66;20.34;23
2026-06-18T06:47:25.000;2026-06-17T23:47:25.000;20.59;-2.31;0.23;21.92;20.34;24
2026-06-18T06:57:45.000;2026-06-17T23:57:45.000;19.72;-1.82;0.25;21.84;20.34;25
2026-06-18T07:08:01.000;2026-06-18T00:08:01.000;19.8;-1.6;0.24;21.89;20.34;26
2026-06-18T07:18:15.000;2026-06-18T00:18:15.000;19.93;-1.99;0.31;21.6;20.34;27
2026-06-18T07:38:49.000;2026-06-18T00:38:49.000;19.29;-2.09;0.34;21.5;20.34;29
2026-06-18T07:59:19.000;2026-06-18T00:59:19.000;19.06;-1.75;0.37;21.42;20.34;31
2026-06-18T08:09:34.000;2026-06-18T01:09:34.000;19.15;-1.99;0.38;21.38;20.34;32
2026-06-18T08:19:52.000;2026-06-18T01:19:52.000;18.98;-1.71;0.34;21.51;20.34;33
2026-06-18T08:50:56.000;2026-06-18T01:50:56.000;20.12;-2.65;0.58;20.92;20.34;35
2026-06-18T09:01:16.000;2026-06-18T02:01:16.000;19.91;-2.52;0.46;21.18;20.34;36
2026-06-18T09:22:09.000;2026-06-18T02:22:09.000;21.03;-3.54;0.59;20.91;20.34;37
2026-06-19T05:29:47.000;2026-06-18T22:29:47.000;24.91;-2.82;0.33;21.54;20.34;3
2026-06-19T05:40:05.000;2026-06-18T22:40:05.000;23.48;-2.73;0.29;21.7;20.34;4
2026-06-19T05:50:25.000;2026-06-18T22:50:25.000;22.49;-2.99;0.28;21.74;20.34;5
2026-06-19T06:00:46.000;2026-06-18T23:00:46.000;22.28;-2.41;0.24;21.87;20.34;6
2026-06-19T06:11:03.000;2026-06-18T23:11:03.000;21.59;-2.23;0.24;21.91;20.34;7
2026-06-19T06:31:36.000;2026-06-18T23:31:36.000;20.76;-1.47;0.23;21.93;20.34;9
2026-06-19T06:41:54.000;2026-06-18T23:41:54.000;21.26;-2.03;0.28;21.72;20.34;10
2026-06-19T06:52:28.000;2026-06-18T23:52:28.000;20.77;-1.79;0.19;22.14;20.34;11
2026-06-19T07:02:44.000;2026-06-19T00:02:44.000;20.52;-1.85;0.29;21.67;20.34;12
2026-06-19T07:13:02.000;2026-06-19T00:13:02.000;20.24;-1.76;0.3;21.65;20.34;13
2026-06-19T07:33:37.000;2026-06-19T00:33:37.000;21.59;-2.08;0.46;21.18;20.34;14
2026-06-19T07:44:02.000;2026-06-19T00:44:02.000;21.65;-2.06;0.24;21.88;20.34;15
2026-06-19T07:59:38.000;2026-06-19T00:59:38.000;21.58;-2.98;0.49;21.11;20.34;16
2026-06-19T08:10:02.000;2026-06-19T01:10:02.000;21.48;-2.55;0.36;21.44;20.34;17
2026-06-19T08:20:18.000;2026-06-19T01:20:18.000;21.0;-3.08;0.37;21.41;20.34;18
2026-06-19T08:30:34.000;2026-06-19T01:30:34.000;19.87;-2.63;0.37;21.43;20.34;19
2026-06-19T08:56:14.000;2026-06-19T01:56:14.000;22.66;-4.45;0.59;20.92;20.34;20
2026-06-19T09:27:24.000;2026-06-19T02:27:24.000;21.5;-3.67;0.49;21.11;20.34;22
2026-06-19T09:37:37.000;2026-06-19T02:37:37.000;19.94;-3.7;0.47;21.15;20.34;23
2026-06-19T09:58:10.000;2026-06-19T02:58:10.000;21.36;-4.51;0.59;20.91;20.34;24
2026-06-19T10:08:39.000;2026-06-19T03:08:39.000;20.86;-3.84;0.38;21.4;20.34;25
2026-06-19T10:18:52.000;2026-06-19T03:18:52.000;20.08;-4.02;0.39;21.38;20.34;26
2026-06-19T10:29:10.000;2026-06-19T03:29:10.000;19.31;-4.37;0.37;21.42;20.34;27
2026-06-19T10:39:29.000;2026-06-19T03:39:29.000;19.32;-4.87;0.31;21.6;20.34;28
2026-06-19T10:55:02.000;2026-06-19T03:55:02.000;19.94;-4.66;0.53;21.03;20.34;29
2026-06-19T11:05:24.000;2026-06-19T04:05:24.000;19.87;-4.65;0.57;20.96;20.34;30
2026-06-19T11:15:46.000;2026-06-19T04:15:46.000;19.74;-4.26;1.51;19.89;20.34;31
2026-06-19T11:26:01.000;2026-06-19T04:26:01.000;19.8;-4.77;5.94;18.4;20.34;32
2026-06-19T11:36:16.000;2026-06-19T04:36:16.000;19.01;-4.38;31.68;16.59;20.34;33
2026-06-19T11:46:31.000;2026-06-19T04:46:31.000;18.15;-4.84;259.01;14.31;20.34;34
2026-06-19T11:56:47.000;2026-06-19T04:56:47.000;18.19;-4.66;2867.77;11.7;20.34;35
2026-06-20T03:04:30.000;2026-06-19T20:04:30.000;27.05;-2.08;363.1;13.94;20.34;2
2026-06-20T03:14:52.000;2026-06-19T20:14:52.000;26.88;-2.03;48.79;16.12;20.34;3
2026-06-20T03:25:18.000;2026-06-19T20:25:18.000;26.84;-2.38;9.62;17.88;20.34;4
2026-06-20T04:26:30.000;2026-06-19T21:26:30.000;27.17;-3.21;0.41;21.31;20.34;6
2026-06-20T07:09:44.000;2026-06-20T00:09:44.000;24.21;-4.95;0.5;21.09;20.34;10
2026-06-20T07:20:08.000;2026-06-20T00:20:08.000;22.33;-4.42;0.36;21.46;20.34;11
2026-06-20T07:35:28.000;2026-06-20T00:35:28.000;20.97;-4.74;0.51;21.07;20.34;12
2026-06-20T08:22:55.000;2026-06-20T01:22:55.000;24.0;-5.78;0.6;20.9;20.34;1
2026-06-20T08:32:56.000;2026-06-20T01:32:56.000;21.14;-5.08;0.43;21.26;20.34;2
2026-06-20T08:58:58.000;2026-06-20T01:58:58.000;19.34;-5.01;0.63;20.84;20.34;4
2026-06-20T09:09:33.000;2026-06-20T02:09:33.000;19.38;-5.2;0.5;21.09;20.34;5
2026-06-20T09:44:58.000;2026-06-20T02:44:58.000;21.8;-6.65;0.61;20.87;20.34;6
2026-06-20T09:55:22.000;2026-06-20T02:55:22.000;20.1;-6.1;0.39;21.36;20.34;7
2026-06-20T10:05:41.000;2026-06-20T03:05:41.000;18.49;-6.1;0.4;21.34;20.34;8
2026-06-20T10:21:19.000;2026-06-20T03:21:19.000;18.72;-6.18;0.55;20.99;20.34;9
2026-06-20T10:31:41.000;2026-06-20T03:31:41.000;18.61;-6.06;0.36;21.44;20.34;10
2026-06-20T10:42:00.000;2026-06-20T03:42:00.000;17.95;-5.87;0.38;21.4;20.34;11
2026-06-20T11:18:28.000;2026-06-20T04:18:28.000;20.81;-6.01;2.0;19.59;20.34;13
2026-06-21T05:47:41.000;2026-06-20T22:47:41.000;25.99;-4.95;0.34;21.51;20.34;5
2026-06-21T05:58:05.000;2026-06-20T22:58:05.000;24.57;-4.48;0.36;21.46;20.34;6
2026-06-26T02:59:38.000;2026-06-25T19:59:38.000;30.3;4.57;2946.43;11.67;20.34;1
2026-06-26T03:10:05.000;2026-06-25T20:10:05.000;30.52;4.43;131.21;15.05;20.34;2
2026-06-26T03:25:40.000;2026-06-25T20:25:40.000;30.59;4.08;16.65;17.29;20.34;3
2026-06-26T03:36:03.000;2026-06-25T20:36:03.000;29.86;4.57;4.61;18.68;20.34;4
2026-06-26T04:01:44.000;2026-06-25T21:01:44.000;31.5;3.7;3.79;18.89;20.34;5
2026-06-26T04:27:39.000;2026-06-25T21:27:39.000;29.53;4.06;3.68;18.93;20.34;7
2026-06-26T04:37:58.000;2026-06-25T21:37:58.000;28.84;4.62;3.31;19.04;20.34;8
2026-06-26T04:48:15.000;2026-06-25T21:48:15.000;28.03;4.82;3.29;19.05;20.34;9
2026-06-26T04:58:32.000;2026-06-25T21:58:32.000;27.77;4.63;3.26;19.06;20.34;10
2026-06-26T05:08:45.000;2026-06-25T22:08:45.000;27.42;4.6;3.21;19.07;20.34;11
2026-06-26T05:19:04.000;2026-06-25T22:19:04.000;26.52;4.2;3.13;19.1;20.34;12
2026-06-26T07:11:59.000;2026-06-26T00:11:59.000;26.06;2.07;1.69;19.77;20.34;16
2026-06-26T07:22:23.000;2026-06-26T00:22:23.000;25.22;2.64;1.57;19.85;20.34;17
2026-06-26T07:32:44.000;2026-06-26T00:32:44.000;24.08;2.04;1.82;19.69;20.34;18
2026-06-26T07:53:48.000;2026-06-26T00:53:48.000;23.03;1.82;1.37;20.0;20.34;20
2026-06-26T08:04:10.000;2026-06-26T01:04:10.000;23.46;2.2;1.31;20.04;20.34;21
2026-06-26T08:29:55.000;2026-06-26T01:29:55.000;26.13;0.39;1.38;19.99;20.34;22
2026-06-26T08:51:08.000;2026-06-26T01:51:08.000;23.15;1.03;0.93;20.42;20.34;24
2026-06-26T09:06:53.000;2026-06-26T02:06:53.000;23.37;-0.11;1.01;20.32;20.34;25
2026-06-26T09:53:59.000;2026-06-26T02:53:59.000;22.29;-0.29;0.51;21.07;20.34;29
2026-06-26T10:45:41.000;2026-06-26T03:45:41.000;22.51;-0.33;0.47;21.16;20.34;33
2026-06-26T10:56:07.000;2026-06-26T03:56:07.000;22.17;-0.32;0.35;21.48;20.34;34
2026-06-26T11:11:57.000;2026-06-26T04:11:57.000;22.06;-0.66;0.78;20.61;20.34;35
2026-06-26T11:22:35.000;2026-06-26T04:22:35.000;21.55;-0.65;2.65;19.28;20.34;36
2026-06-26T11:32:57.000;2026-06-26T04:32:57.000;20.46;-0.38;13.64;17.5;20.34;37
2026-06-26T11:43:12.000;2026-06-26T04:43:12.000;21.91;1.1;88.69;15.47;20.34;38
2026-06-26T11:58:50.000;2026-06-26T04:58:50.000;23.97;-0.26;1710.53;12.26;20.34;39
2026-06-27T04:33:55.000;2026-06-26T21:33:55.000;29.32;4.61;4.02;18.83;20.34;2
2026-06-27T04:59:56.000;2026-06-26T21:59:56.000;28.31;4.93;4.2;18.78;20.34;4
2026-06-27T05:10:12.000;2026-06-26T22:10:12.000;27.74;5.44;4.15;18.79;20.34;5
2026-06-27T05:25:48.000;2026-06-26T22:25:48.000;28.4;4.3;5.25;18.54;20.34;6
2026-06-27T06:01:51.000;2026-06-26T23:01:51.000;28.21;3.27;2.89;19.19;20.34;8
2026-06-27T06:42:51.000;2026-06-26T23:42:51.000;28.68;1.62;3.63;18.94;20.34;10
2026-06-27T07:18:30.000;2026-06-27T00:18:30.000;28.46;0.68;2.09;19.54;20.34;12
2026-06-27T07:29:10.000;2026-06-27T00:29:10.000;26.58;0.65;1.77;19.72;20.34;13
2026-06-27T07:50:00.000;2026-06-27T00:50:00.000;26.65;-0.3;1.94;19.62;20.34;14
2026-06-27T08:10:39.000;2026-06-27T01:10:39.000;24.96;0.48;1.8;19.7;20.34;16
2026-06-27T08:26:18.000;2026-06-27T01:26:18.000;25.6;-0.11;1.84;19.68;20.34;17
2026-06-27T08:36:41.000;2026-06-27T01:36:41.000;24.87;0.28;1.48;19.92;20.34;18
2026-06-27T08:46:58.000;2026-06-27T01:46:58.000;23.98;0.43;1.56;19.85;20.34;19
2026-06-27T08:57:22.000;2026-06-27T01:57:22.000;24.05;0.84;1.45;19.94;20.34;20
2026-06-27T09:07:41.000;2026-06-27T02:07:41.000;23.15;0.29;1.39;19.99;20.34;21
2026-06-27T09:17:57.000;2026-06-27T02:17:57.000;22.61;0.32;1.15;20.19;20.34;22
2026-06-27T09:48:49.000;2026-06-27T02:48:49.000;22.44;0.11;0.81;20.57;20.34;25
2026-06-27T09:59:05.000;2026-06-27T02:59:05.000;22.79;0.77;0.58;20.93;20.34;26
2026-06-27T10:19:43.000;2026-06-27T03:19:43.000;24.21;-0.38;0.42;21.29;20.34;28
2026-06-27T10:30:04.000;2026-06-27T03:30:04.000;24.44;0.24;0.32;21.56;20.34;29
2026-06-27T10:40:22.000;2026-06-27T03:40:22.000;24.56;0.41;0.28;21.71;20.34;30
2026-06-27T10:50:37.000;2026-06-27T03:50:37.000;24.69;0.21;0.31;21.6;20.34;31
2026-06-27T11:00:51.000;2026-06-27T04:00:51.000;24.51;-0.02;0.37;21.41;20.34;32
2026-06-27T11:11:05.000;2026-06-27T04:11:05.000;24.45;-0.41;0.66;20.79;20.34;33
2026-06-27T11:31:37.000;2026-06-27T04:31:37.000;23.01;-1.42;10.67;17.77;20.34;35
2026-06-27T11:41:54.000;2026-06-27T04:41:54.000;22.78;-1.47;67.11;15.77;20.34;36
2026-06-27T11:52:08.000;2026-06-27T04:52:08.000;22.52;-0.75;511.63;13.57;20.34;37
2026-06-27T12:02:23.000;2026-06-27T05:02:23.000;22.64;-1.23;5546.52;10.98;20.34;38
2026-06-28T03:05:06.000;2026-06-27T20:05:06.000;28.04;2.11;403.07;13.83;20.34;2
2026-06-28T03:15:21.000;2026-06-27T20:15:21.000;27.51;1.91;56.74;15.96;20.34;3
2026-06-28T03:25:35.000;2026-06-27T20:25:35.000;27.24;1.54;13.89;17.48;20.34;4
2026-06-28T03:46:14.000;2026-06-27T20:46:14.000;26.8;1.47;4.3;18.76;20.34;6
2026-06-28T04:06:37.000;2026-06-27T21:06:37.000;27.62;0.34;4.5;18.71;20.34;7
2026-06-28T04:22:19.000;2026-06-27T21:22:19.000;27.2;0.19;4.34;18.75;20.34;8
2026-06-28T04:43:10.000;2026-06-27T21:43:10.000;27.21;-0.2;4.58;18.69;20.34;9
2026-06-28T04:53:30.000;2026-06-27T21:53:30.000;26.77;0.37;4.26;18.77;20.34;10
2026-06-28T05:03:43.000;2026-06-27T22:03:43.000;25.22;0.27;4.37;18.74;20.34;11
2026-06-28T05:13:58.000;2026-06-27T22:13:58.000;25.38;0.79;4.45;18.72;20.34;12
2026-06-28T05:24:15.000;2026-06-27T22:24:15.000;24.84;0.67;4.52;18.7;20.34;13
2026-06-28T05:34:35.000;2026-06-27T22:34:35.000;25.27;0.81;4.57;18.69;20.34;14
2026-06-28T05:44:49.000;2026-06-27T22:44:49.000;25.27;0.17;4.66;18.67;20.34;15
2026-06-28T06:05:23.000;2026-06-27T23:05:23.000;27.12;-0.54;5.18;18.55;20.34;16
2026-06-28T06:15:48.000;2026-06-27T23:15:48.000;26.27;-0.15;4.63;18.68;20.34;17
2026-06-28T07:27:19.000;2026-06-28T00:27:19.000;26.67;0.18;4.25;18.77;20.34;20
2026-06-28T07:37:33.000;2026-06-28T00:37:33.000;25.91;0.12;3.96;18.85;20.34;21
2026-06-28T07:47:48.000;2026-06-28T00:47:48.000;25.05;-0.14;2.99;19.15;20.34;22
2026-06-28T07:58:05.000;2026-06-28T00:58:05.000;24.85;-0.39;2.94;19.17;20.34;23
2026-06-28T08:08:21.000;2026-06-28T01:08:21.000;24.69;0.05;2.97;19.16;20.34;24
2026-06-28T08:38:53.000;2026-06-28T01:38:53.000;27.59;-2.43;3.24;19.06;20.34;25
2026-06-28T08:54:19.000;2026-06-28T01:54:19.000;26.26;-2.18;2.95;19.16;20.34;26
2026-06-28T09:04:37.000;2026-06-28T02:04:37.000;25.22;-1.82;2.45;19.37;20.34;27
2026-06-28T09:20:10.000;2026-06-28T02:20:10.000;25.65;-2.11;2.56;19.32;20.34;28
2026-06-28T09:30:29.000;2026-06-28T02:30:29.000;25.09;-1.91;2.22;19.48;20.34;29
2026-06-28T09:40:43.000;2026-06-28T02:40:43.000;24.25;-1.53;1.98;19.6;20.34;30
2026-06-28T09:51:00.000;2026-06-28T02:51:00.000;24.69;-1.23;1.84;19.68;20.34;31
2026-06-28T10:01:27.000;2026-06-28T03:01:27.000;24.17;-1.35;1.71;19.76;20.34;32
2026-06-28T10:11:45.000;2026-06-28T03:11:45.000;24.29;-1.85;1.54;19.87;20.34;33
2026-06-28T10:22:01.000;2026-06-28T03:22:01.000;24.39;-1.51;1.33;20.03;20.34;34
2026-06-28T10:42:28.000;2026-06-28T03:42:28.000;25.82;-2.58;1.11;20.23;20.34;35
2026-06-28T10:52:51.000;2026-06-28T03:52:51.000;25.16;-1.2;0.6;20.9;20.34;36
2026-06-28T11:08:07.000;2026-06-28T04:08:07.000;24.89;-1.86;0.75;20.66;20.34;37
2026-06-28T11:18:32.000;2026-06-28T04:18:32.000;25.01;-1.94;1.96;19.61;20.34;38
2026-06-28T11:38:56.000;2026-06-28T04:38:56.000;25.46;-3.28;23.29;16.92;20.34;39
2026-06-28T11:59:38.000;2026-06-28T04:59:38.000;26.37;-2.66;1480.48;12.41;20.34;40
2026-06-29T03:00:12.000;2026-06-28T20:00:12.000;26.41;-1.22;2659.3;11.78;20.34;1
2026-06-29T03:20:42.000;2026-06-28T20:20:42.000;27.71;-1.86;71.63;15.7;20.34;2
2026-06-29T03:31:08.000;2026-06-28T20:31:08.000;26.15;-1.69;7.25;18.19;20.34;3
2026-06-29T03:41:22.000;2026-06-28T20:41:22.000;24.33;-1.75;3.96;18.84;20.34;4
2026-06-29T03:51:43.000;2026-06-28T20:51:43.000;23.54;-0.9;3.49;18.98;20.34;5
2026-06-29T04:02:01.000;2026-06-28T21:02:01.000;23.94;-0.83;3.57;18.96;20.34;6
2026-06-29T04:27:19.000;2026-06-28T21:27:19.000;27.17;-1.68;4.34;18.75;20.34;7
2026-06-29T04:37:42.000;2026-06-28T21:37:42.000;26.65;-1.29;4.17;18.79;20.34;8
2026-06-29T04:53:18.000;2026-06-28T21:53:18.000;25.77;-1.96;4.86;18.62;20.34;9
2026-06-29T05:13:56.000;2026-06-28T22:13:56.000;26.77;-2.04;5.17;18.56;20.34;10
2026-06-29T05:24:30.000;2026-06-28T22:24:30.000;25.74;-1.1;4.86;18.62;20.34;11
2026-06-29T05:34:48.000;2026-06-28T22:34:48.000;24.68;-1.37;4.99;18.59;20.34;12
2026-06-29T05:45:02.000;2026-06-28T22:45:02.000;24.17;-1.55;5.11;18.57;20.34;13
2026-06-29T05:55:17.000;2026-06-28T22:55:17.000;24.72;-1.01;5.23;18.54;20.34;14
2026-06-29T06:05:34.000;2026-06-28T23:05:34.000;24.66;-1.58;5.23;18.54;20.34;15
2026-06-29T06:15:50.000;2026-06-28T23:15:50.000;24.28;-1.43;5.33;18.52;20.34;16
2026-06-29T06:26:05.000;2026-06-28T23:26:05.000;23.84;-1.97;5.4;18.51;20.34;17
2026-06-29T06:36:28.000;2026-06-28T23:36:28.000;23.81;-1.87;5.41;18.51;20.34;18
2026-06-29T06:57:01.000;2026-06-28T23:57:01.000;23.92;-0.8;5.34;18.52;20.34;20
2026-06-29T07:07:17.000;2026-06-29T00:07:17.000;23.94;-2.17;5.41;18.51;20.34;21
2026-06-29T07:17:32.000;2026-06-29T00:17:32.000;23.13;-2.19;5.33;18.52;20.34;22
2026-06-29T07:48:19.000;2026-06-29T00:48:19.000;25.26;-3.09;5.82;18.43;20.34;24
2026-06-29T07:58:42.000;2026-06-29T00:58:42.000;25.1;-2.36;5.1;18.57;20.34;25
2026-06-29T08:08:58.000;2026-06-29T01:08:58.000;24.39;-3.18;4.99;18.59;20.34;26
2026-06-29T08:19:14.000;2026-06-29T01:19:14.000;24.47;-2.44;4.88;18.62;20.34;27
2026-06-29T08:29:29.000;2026-06-29T01:29:29.000;23.37;-3.43;4.26;18.77;20.34;28
2026-06-29T08:39:43.000;2026-06-29T01:39:43.000;23.0;-3.18;2.7;19.26;20.34;29
2026-06-29T08:49:57.000;2026-06-29T01:49:57.000;22.97;-3.06;2.62;19.29;20.34;30
2026-06-29T09:00:11.000;2026-06-29T02:00:11.000;22.95;-3.1;2.54;19.33;20.34;31
2026-06-29T09:10:28.000;2026-06-29T02:10:28.000;22.67;-2.76;2.5;19.35;20.34;32
2026-06-29T09:20:46.000;2026-06-29T02:20:46.000;23.11;-2.83;2.47;19.36;20.34;33
2026-06-29T09:31:01.000;2026-06-29T02:31:01.000;22.69;-2.86;2.41;19.38;20.34;34
2026-06-29T09:41:15.000;2026-06-29T02:41:15.000;22.49;-2.95;2.36;19.41;20.34;35
2026-06-29T09:51:30.000;2026-06-29T02:51:30.000;22.75;-3.49;2.26;19.46;20.34;36
2026-06-29T10:01:45.000;2026-06-29T03:01:45.000;22.57;-2.88;2.22;19.48;20.34;37
2026-06-29T10:11:59.000;2026-06-29T03:11:59.000;22.74;-2.44;2.25;19.46;20.34;38
2026-06-29T10:22:14.000;2026-06-29T03:22:14.000;22.85;-2.32;2.21;19.48;20.34;39
2026-06-29T10:32:30.000;2026-06-29T03:32:30.000;23.45;-2.69;1.98;19.6;20.34;40
2026-06-29T10:42:45.000;2026-06-29T03:42:45.000;23.78;-2.28;1.85;19.67;20.34;41
2026-06-29T10:53:02.000;2026-06-29T03:53:02.000;23.76;-3.14;1.77;19.72;20.34;42
2026-06-29T11:03:18.000;2026-06-29T04:03:18.000;23.62;-2.87;1.73;19.75;20.34;43
2026-06-29T11:18:50.000;2026-06-29T04:18:50.000;24.25;-3.4;2.58;19.31;20.34;44
2026-06-29T11:29:11.000;2026-06-29T04:29:11.000;24.09;-2.93;8.52;18.01;20.34;45
2026-06-29T11:39:27.000;2026-06-29T04:39:27.000;23.99;-2.47;40.79;16.31;20.34;46
2026-06-29T11:49:41.000;2026-06-29T04:49:41.000;23.45;-2.48;285.02;14.2;20.34;47
2026-06-29T11:59:55.000;2026-06-29T04:59:55.000;23.41;-2.49;2997.07;11.65;20.34;48
2026-06-30T02:54:29.000;2026-06-29T19:54:29.000;25.42;2.1;5185.96;11.05;20.34;1
2026-06-30T03:04:43.000;2026-06-29T20:04:43.000;26.24;1.6;411.81;13.8;20.34;2
2026-06-30T03:14:59.000;2026-06-29T20:14:59.000;25.69;1.01;53.44;16.02;20.34;3
2026-06-30T03:35:20.000;2026-06-29T20:35:20.000;27.07;-0.14;7.26;18.19;20.34;4
2026-06-30T03:45:55.000;2026-06-29T20:45:55.000;26.05;-0.47;2.48;19.35;20.34;5
2026-06-30T04:06:27.000;2026-06-29T21:06:27.000;26.58;-1.29;3.38;19.02;20.34;6
2026-06-30T04:36:54.000;2026-06-29T21:36:54.000;27.08;-2.22;4.21;18.78;20.34;7
2026-06-30T05:12:32.000;2026-06-29T22:12:32.000;27.2;-2.97;4.95;18.6;20.34;8
2026-06-30T05:22:52.000;2026-06-29T22:22:52.000;25.03;-2.26;4.94;18.61;20.34;9
2026-06-30T05:33:05.000;2026-06-29T22:33:05.000;23.23;-1.79;5.17;18.56;20.34;10
2026-06-30T05:53:34.000;2026-06-29T22:53:34.000;23.7;-1.55;5.5;18.49;20.34;12
2026-06-30T06:03:48.000;2026-06-29T23:03:48.000;22.88;-1.51;5.6;18.47;20.34;13
2026-06-30T06:14:05.000;2026-06-29T23:14:05.000;22.73;-0.89;5.84;18.42;20.34;14
2026-06-30T06:24:19.000;2026-06-29T23:24:19.000;21.82;-1.33;5.99;18.4;20.34;15
2026-06-30T06:39:51.000;2026-06-29T23:39:51.000;22.47;-2.02;6.86;18.25;20.34;16
2026-06-30T06:50:12.000;2026-06-29T23:50:12.000;22.11;-2.52;6.29;18.34;20.34;17
2026-06-30T07:00:30.000;2026-06-30T00:00:30.000;21.5;-1.58;6.31;18.34;20.34;18
2026-06-30T07:10:45.000;2026-06-30T00:10:45.000;21.03;-2.15;6.46;18.31;20.34;19
2026-06-30T07:21:01.000;2026-06-30T00:21:01.000;20.92;-2.39;6.42;18.32;20.34;20
2026-06-30T07:31:16.000;2026-06-30T00:31:16.000;20.74;-2.61;6.54;18.3;20.34;21
2026-06-30T07:41:33.000;2026-06-30T00:41:33.000;20.21;-3.34;6.46;18.31;20.34;22
2026-06-30T07:51:48.000;2026-06-30T00:51:48.000;20.35;-2.91;6.47;18.31;20.34;23
2026-06-30T08:02:06.000;2026-06-30T01:02:06.000;20.17;-2.0;6.51;18.31;20.34;24
2026-06-30T08:17:24.000;2026-06-30T01:17:24.000;21.0;-3.16;7.13;18.21;20.34;25
2026-06-30T08:27:44.000;2026-06-30T01:27:44.000;21.17;-3.65;6.3;18.34;20.34;26
2026-06-30T08:38:01.000;2026-06-30T01:38:01.000;20.09;-3.31;6.24;18.35;20.34;27
2026-06-30T08:48:15.000;2026-06-30T01:48:15.000;20.1;-2.81;6.06;18.38;20.34;28
2026-06-30T08:58:30.000;2026-06-30T01:58:30.000;20.18;-3.18;5.88;18.42;20.34;29
2026-06-30T09:08:45.000;2026-06-30T02:08:45.000;19.74;-3.46;5.63;18.46;20.34;30
2026-06-30T09:18:59.000;2026-06-30T02:18:59.000;20.08;-3.58;4.83;18.63;20.34;31
2026-06-30T09:29:20.000;2026-06-30T02:29:20.000;21.04;-2.88;3.0;19.15;20.34;32
2026-06-30T09:39:35.000;2026-06-30T02:39:35.000;20.78;-3.46;2.96;19.16;20.34;33
2026-06-30T09:49:53.000;2026-06-30T02:49:53.000;19.76;-3.92;2.89;19.19;20.34;34
2026-06-30T10:00:11.000;2026-06-30T03:00:11.000;19.09;-3.62;2.83;19.21;20.34;35
2026-06-30T10:10:26.000;2026-06-30T03:10:26.000;19.19;-3.31;2.76;19.24;20.34;36
2026-06-30T10:25:58.000;2026-06-30T03:25:58.000;19.37;-4.6;2.92;19.17;20.34;37
2026-06-30T10:36:18.000;2026-06-30T03:36:18.000;19.95;-4.4;2.5;19.34;20.34;38
2026-06-30T10:46:32.000;2026-06-30T03:46:32.000;19.95;-4.17;2.43;19.37;20.34;39
2026-06-30T11:02:05.000;2026-06-30T04:02:05.000;20.31;-5.22;2.76;19.24;20.34;40
2026-06-30T11:12:26.000;2026-06-30T04:12:26.000;20.4;-4.95;2.96;19.16;20.34;41
2026-06-30T11:22:44.000;2026-06-30T04:22:44.000;19.51;-5.34;4.37;18.74;20.34;42
2026-06-30T11:32:58.000;2026-06-30T04:32:58.000;19.23;-5.27;14.3;17.45;20.34;43
2026-06-30T11:43:12.000;2026-06-30T04:43:12.000;18.99;-5.36;75.32;15.65;20.34;44
2026-06-30T11:53:26.000;2026-06-30T04:53:26.000;19.45;-5.2;630.85;13.34;20.34;45
